,file_name,tfidf,hawkish,dovish
0,FOMCminutes20131218.txt,20.529626383378268,0.13061467,0.5374013
1,FOMCminutes20121023.txt,16.736767617163554,0.13741294,0.5478769
2,FOMCminutes20181108.txt,13.417258477670671,0.13790832,0.5382473
3,FOMCminutes20231101.txt,14.167732175017514,0.13536283,0.53531086
4,FOMCminutes20161214.txt,12.337476981332086,0.13745815,0.53906184
5,FOMCminutes20201216.txt,21.308538851003583,0.13742755,0.5382146
6,FOMCminutes20180613.txt,12.144401490179405,0.14353597,0.5450347
7,FOMCminutes20130918.txt,17.910091555366584,0.13634111,0.54329747
8,FOMCminutes20130501.txt,16.792262297053522,0.1304235,0.5362935
9,FOMCminutes20171213.txt,13.91248994548872,0.1382478,0.5423602
10,FOMCminutes20210127.txt,23.272220053591855,0.13630225,0.54091954
11,FOMCminutes20160727.txt,20.97015184255645,0.13578139,0.54505086
12,FOMCminutes20200916.txt,24.948081020519044,0.13354716,0.5412691
13,FOMCminutes20131030.txt,16.439435227550945,0.132173,0.53534347
14,FOMCminutes20170726.txt,15.17193618618273,0.14292507,0.54694414
15,FOMCminutes20140430.txt,11.43998069074041,0.12940834,0.53615487
16,FOMCminutes20120313.txt,11.052484513354228,0.13031949,0.539012
17,FOMCminutes20221102.txt,19.52807335262803,0.13637193,0.53082967
18,FOMCminutes20211215.txt,15.792841357027743,0.13752237,0.5355739
19,FOMCminutes20240918.txt,14.912347999393086,0.21118404,0.7332941
20,FOMCminutes20160127.txt,24.08849916007496,0.13437252,0.54073507
21,FOMCminutes20240501.txt,13.762354978429212,0.13952619,0.5312166
22,FOMCminutes20140618.txt,16.56727066266926,0.13997182,0.54383415
23,FOMCminutes20151028.txt,18.195182708770133,0.13668029,0.5436913
24,FOMCminutes20151216.txt,18.20053434948493,0.13952103,0.54680353
25,FOMCminutes20220126.txt,22.290434334870362,0.1369817,0.53743595
26,FOMCminutes20190501.txt,12.2735733994093,0.1326423,0.53761315
27,FOMCminutes20190918.txt,26.21889767607868,0.13670503,0.5365546
28,FOMCminutes20160427.txt,24.00528424693525,0.1368418,0.5413367
29,FOMCminutes20150917.txt,19.976321354660698,0.13103285,0.53696245
30,FOMCminutes20230726.txt,14.486471397520505,0.14459644,0.5441452
31,FOMCminutes20191030.txt,22.28613254005639,0.13578711,0.54154974
32,FOMCminutes20140319.txt,21.448046898390313,0.13043262,0.5437025
33,FOMCminutes20240612.txt,15.28332730249266,0.13785812,0.5345179
34,FOMCminutes20161102.txt,14.275651257810575,0.13209185,0.5402453
35,FOMCminutes20230322.txt,16.47443195508222,0.14072539,0.52921116
36,FOMCminutes20150318.txt,16.229644444515518,0.14228855,0.55084753
37,FOMCminutes20220727.txt,20.709687034265563,0.13606057,0.5282858
38,FOMCminutes20140917.txt,20.68572365471201,0.13391998,0.5366555
39,FOMCminutes20140730.txt,14.740899926703971,0.13269965,0.5339021
40,FOMCminutes20231213.txt,12.517693646860835,0.13313898,0.5331335
41,FOMCminutes20201105.txt,22.491904600587496,0.14099258,0.5426218
42,FOMCminutes20221214.txt,21.505355372161198,0.13650793,0.5309657
43,FOMCminutes20180502.txt,9.614967191706567,0.14384115,0.54197156
44,FOMCminutes20180926.txt,14.271953750623155,0.13474566,0.5346976
45,FOMCminutes20211103.txt,18.90123412656571,0.13843876,0.53379565
46,FOMCminutes20171101.txt,14.720754526373225,0.13114542,0.53432274
47,FOMCminutes20141029.txt,16.575766381490936,0.13627507,0.54013795
48,FOMCminutes20181219.txt,14.835185172871633,0.14472622,0.55100155
49,FOMCminutes20141217.txt,14.983708549878637,0.13557203,0.5450099
50,FOMCminutes20191211.txt,20.06414529252703,0.14288385,0.54669964
51,FOMCminutes20120425.txt,24.43886190228084,0.12701473,0.5388773
52,FOMCminutes20200610.txt,31.832543885263856,0.14034705,0.53632236
53,FOMCminutes20150128.txt,20.75033015317762,0.13937607,0.5439472
54,FOMCminutes20120801.txt,20.513206037237687,0.13486521,0.5428637
55,FOMCminutes20180321.txt,14.347544116160527,0.14310902,0.54510826
56,FOMCminutes20190130.txt,22.227730563763004,0.14299522,0.5432825
57,FOMCminutes20210616.txt,13.786773449603887,0.13386497,0.5334042
58,FOMCminutes20170614.txt,14.807430516097897,0.13934681,0.539442
59,FOMCminutes20210428.txt,18.424884720880534,0.13688162,0.5386731
60,FOMCminutes20230920.txt,14.805672058333318,0.14400437,0.5400203
61,FOMCminutes20220316.txt,17.583522791257135,0.1417718,0.5349922
62,FOMCminutes20150729.txt,15.337764504927813,0.14424826,0.546353
63,FOMCminutes20220504.txt,16.793920170947008,0.13975969,0.5334855
64,FOMCminutes20160615.txt,18.0444533964949,0.13391969,0.5380185
65,FOMCminutes20200429.txt,34.296392884262595,0.13805586,0.54722404
66,FOMCminutes20220921.txt,21.80608163851767,0.144425,0.5296462
67,FOMCminutes20170201.txt,15.717410106803568,0.13896874,0.5430194
68,FOMCminutes20130619.txt,19.361351004897507,0.13604456,0.542395
69,FOMCminutes20180131.txt,15.177549724341565,0.13397434,0.5396891
70,FOMCminutes20120620.txt,25.830455069272283,0.13371915,0.54109293
71,FOMCminutes20140129.txt,18.712548709164402,0.12997209,0.5454018
72,FOMCminutes20190320.txt,17.00835207367477,0.13990998,0.5363355
73,FOMCminutes20190731.txt,18.520973686965903,0.13913645,0.53817624
74,FOMCminutes20230503.txt,17.96446284815035,0.1365082,0.5309844
75,FOMCminutes20170503.txt,9.482035440318027,0.1352744,0.54017365
76,FOMCminutes20200129.txt,19.04476649576679,0.14285852,0.5421554
77,FOMCminutes20180801.txt,15.117698456621016,0.14101265,0.54143846
78,FOMCminutes20210728.txt,18.72098639725338,0.1422006,0.5361272
79,FOMCminutes20130130.txt,22.701043954382893,0.13398585,0.5383627
80,FOMCminutes20230201.txt,19.790369227023778,0.13976902,0.5398003
81,FOMCminutes20240731.txt,14.771125248313805,0.17465502,0.6607599
82,FOMCminutes20200315.txt,36.565560361301884,0.14365308,0.54994804
83,FOMCminutes20160316.txt,19.95851061508079,0.1412206,0.54898655
84,FOMCminutes20240320.txt,14.8925907028525,0.14302483,0.5378204
85,FOMCminutes20160921.txt,22.251929248805062,0.13356186,0.53416765
86,FOMCminutes20220615.txt,19.483138282841235,0.14347458,0.5307095
87,FOMCminutes20170920.txt,18.07385593708644,0.13800372,0.5423787
88,FOMCminutes20210922.txt,24.454109647000887,0.13582645,0.53359556
89,FOMCminutes20121212.txt,25.855906294180762,0.13125223,0.53729665
90,FOMCminutes20230614.txt,13.119158569510253,0.14090699,0.5317619
91,FOMCminutes20200729.txt,20.95836253383391,0.13943103,0.53753996
92,FOMCminutes20150617.txt,18.325992170382744,0.14142203,0.54343694
93,FOMCminutes20120125.txt,29.661541644430535,0.13118799,0.54593956
94,FOMCminutes20150429.txt,16.210570005768975,0.13546287,0.53544486
95,FOMCminutes20190619.txt,14.139803775546785,0.13943452,0.5408612
96,FOMCminutes20240131.txt,12.306774307778005,0.13737799,0.53196174
97,FOMCminutes20130320.txt,19.087128473705672,0.13440642,0.5372304
98,FOMCminutes20120913.txt,25.875657672373332,0.13398945,0.5459352
99,FOMCminutes20170315.txt,16.447641075930463,0.14067374,0.5409389
100,FOMCminutes20130731.txt,13.243803989753891,0.13722926,0.5399914
101,FOMCminutes20210317.txt,18.684150615541835,0.13301226,0.53057534
102,FOMCpresconf20240918.txt,15.280917336870191,0.5046449,0.5945079
103,FOMCpresconf20240501.txt,17.668563527955005,0.6103271,0.66542166
104,FOMCpresconf20140618.txt,17.412684822880053,0.2552202,0.74612
105,FOMCpresconf20211215.txt,17.77223315607074,0.4257655,0.72238076
106,FOMCpresconf20221102.txt,17.736323968368758,0.6875278,0.61162776
107,FOMCpresconf20200916.txt,19.992798822316786,0.2314659,0.6737798
108,FOMCpresconf20130918.txt,21.728630691521012,0.16159365,0.72347313
109,FOMCpresconf20210127.txt,19.306551700678032,0.20406815,0.79437286
110,FOMCpresconf20171213.txt,19.084393789059742,0.5223732,0.5565773
111,FOMCpresconf20161214.txt,14.501977124824704,0.50939566,0.56398886
112,FOMCpresconf20201216.txt,22.456317077568535,0.29951525,0.7996518
113,FOMCpresconf20180613.txt,15.651426292925333,0.32680175,0.53635556
114,FOMCpresconf20131218.txt,24.0301727157238,0.18870528,0.80617166
115,FOMCpresconf20231101.txt,14.384344954254999,0.58680964,0.6469564
116,FOMCpresconf20180926.txt,20.095786375800134,0.36131996,0.6621301
117,FOMCpresconf20211103.txt,24.521223010456822,0.3203558,0.7123838
118,FOMCpresconf20181219.txt,8.34588950548977,0.27460146,0.61146784
119,FOMCpresconf20141217.txt,16.869842218988698,0.24365896,0.6115563
120,FOMCpresconf20221214.txt,15.372586702161096,0.61578393,0.6550595
121,FOMCpresconf20140917.txt,18.13651746929627,0.28681406,0.6695591
122,FOMCpresconf20231213.txt,11.300712342920908,0.6464406,0.64893043
123,FOMCpresconf20201105.txt,14.389977227197283,0.25948387,0.7544174
124,FOMCpresconf20150318.txt,22.946235819457673,0.32392645,0.5819271
125,FOMCpresconf20220727.txt,18.104346767320514,0.695467,0.57135975
126,FOMCpresconf20150917.txt,22.48273073133576,0.21659756,0.74301374
127,FOMCpresconf20230726.txt,14.928323885019736,0.6350051,0.6068879
128,FOMCpresconf20191030.txt,13.875148171035736,0.271995,0.7274414
129,FOMCpresconf20140319.txt,19.949183654527396,0.18232515,0.5645572
130,FOMCpresconf20240612.txt,16.753878032638475,0.52682817,0.62888074
131,FOMCpresconf20230322.txt,20.661177835400363,0.29845807,0.61382043
132,FOMCpresconf20190501.txt,14.067301154273745,0.36821616,0.6426979
133,FOMCpresconf20190918.txt,20.474066658998947,0.26118907,0.7396413
134,FOMCpresconf20220126.txt,20.24989031479832,0.34598625,0.7004903
135,FOMCpresconf20151216.txt,24.88124056621715,0.3809222,0.6503033
136,FOMCpresconf20190731.txt,14.200797330923143,0.3005835,0.7842114
137,FOMCpresconf20230503.txt,16.612076778731478,0.4081523,0.60329527
138,FOMCpresconf20190320.txt,19.790719905113686,0.3915586,0.634188
139,FOMCpresconf20130619.txt,18.833972739877364,0.28560436,0.6220116
140,FOMCpresconf20120620.txt,18.460191317398387,0.22824769,0.723963
141,FOMCpresconf20220316.txt,14.034566373331048,0.45873806,0.6196588
142,FOMCpresconf20220504.txt,14.520578121132198,0.6069268,0.5741092
143,FOMCpresconf20160615.txt,15.871354297011871,0.22896862,0.66938806
144,FOMCpresconf20220921.txt,14.825840024144453,0.5398228,0.6532155
145,FOMCpresconf20200429.txt,26.176222766049055,0.15987054,0.67558426
146,FOMCpresconf20210616.txt,19.232667593120265,0.32031843,0.7794627
147,FOMCpresconf20170614.txt,15.87754026976839,0.45508945,0.57551026
148,FOMCpresconf20230920.txt,15.949629082986387,0.59361064,0.6114902
149,FOMCpresconf20210428.txt,18.79933326228942,0.31488875,0.73951757
150,FOMCpresconf20190130.txt,17.86400682332692,0.351546,0.6187347
151,FOMCpresconf20200610.txt,24.624952550561346,0.17099,0.7497284
152,FOMCpresconf20180321.txt,17.285728466206237,0.4952869,0.63827795
153,FOMCpresconf20191211.txt,13.87728184669323,0.28922164,0.6035514
154,FOMCpresconf20120425.txt,26.545463408453124,0.1904681,0.72527826
155,FOMCpresconf20120913.txt,17.125007000809962,0.28524923,0.79809105
156,FOMCpresconf20170315.txt,11.572874597956723,0.56008667,0.55093205
157,FOMCpresconf20210317.txt,19.360012568868004,0.2216311,0.71991587
158,FOMCpresconf20240131.txt,11.309449099615929,0.6281271,0.62274086
159,FOMCpresconf20130320.txt,24.30442625336612,0.27012235,0.63781196
160,FOMCpresconf20200729.txt,24.60205926088757,0.20030934,0.71646106
161,FOMCpresconf20150617.txt,16.712861955435443,0.26625106,0.6661899
162,FOMCpresconf20120125.txt,22.602942366879923,0.20702493,0.68490434
163,FOMCpresconf20190619.txt,21.447214983175307,0.31860942,0.64004946
164,FOMCpresconf20170920.txt,26.90476481723368,0.321719,0.6154346
165,FOMCpresconf20210922.txt,24.58987809035815,0.30750757,0.77525616
166,FOMCpresconf20121212.txt,25.2490179456288,0.19906825,0.7971069
167,FOMCpresconf20230614.txt,11.959615612706287,0.6260095,0.63445544
168,FOMCpresconf20160316.txt,15.3535252149381,0.20434098,0.64840776
169,FOMCpresconf20240320.txt,16.74138233438938,0.62785363,0.6563557
170,FOMCpresconf20160921.txt,19.84677936806844,0.3078912,0.5720521
171,FOMCpresconf20220615.txt,15.404447857121854,0.6597372,0.5665004
172,FOMCpresconf20210728.txt,16.205743527200074,0.32331222,0.76991844
173,FOMCpresconf20230201.txt,12.828855454586721,0.64780676,0.6511657
174,FOMCpresconf20200315.txt,12.664869101280447,0.25267217,0.70024157
175,FOMCpresconf20240731.txt,17.814881756090188,0.43031418,0.6324626
176,FOMCpresconf20200303.txt,6.353337662422123,0.28194523,0.7663654
177,FOMCpresconf20200129.txt,14.64364815907891,0.33965886,0.63077134
178,clarida20190513a.txt,3.4764673627586085,0.1963786,0.5426113
179,quarles20210628a.txt,19.028372864843607,0.12961325,0.5243
180,powell20220617a.txt,1.4845622863238492,0.15102193,0.5455313
181,waller20230210a.txt,7.931964534775364,0.13119769,0.5272114
182,bowman20230922a.txt,3.9582383162935497,0.3312332,0.5812264
183,powell20220928a.txt,1.009204848437384,0.12099026,0.512635
184,quarles20190402a.txt,7.0703640933665035,0.17359638,0.5609215
185,powell20230928a.txt,3.826824541619806,0.13199711,0.56188434
186,waller20230302a.txt,5.859923308396465,0.33099508,0.58060014
187,bowman20240724a.txt,1.2352530932350354,0.15618767,0.5443762
188,tarullo20170404a.txt,41.92478857339607,0.11738034,0.5317815
189,quarles20211202a.txt,24.357294412670395,0.13762134,0.53896725
190,barr20240227a.txt,13.437038185943607,0.16810364,0.52510244
191,waller20211019a.txt,18.3198074512481,0.24213485,0.58598244
192,powell20191008a.txt,10.671087265837269,0.147351,0.52086866
193,waller20231010a.txt,6.732342885786685,0.10990419,0.5134214
194,fischer20170928a.txt,7.70045025553356,0.108429804,0.5082474
195,kugler20240716a.txt,12.338402332390181,0.15140806,0.5270303
196,brainard20170927a.txt,7.911761620062363,0.14487015,0.5174695
197,bowman20240227a.txt,29.761553478185824,0.2710268,0.5762156
198,powell20160621a.txt,5.716815214905478,0.13185412,0.53496546
199,waller20230713a.txt,14.865149856146207,0.12766713,0.50924546
200,brainard20220907a.txt,9.156259113018715,0.5815968,0.6502522
201,bowman20211013a.txt,11.609077061125184,0.13412637,0.52283794
202,clarida20210113a.txt,8.02230867997978,0.17833707,0.54421985
203,quarles20181205a.txt,9.822384040170583,0.1279739,0.52286214
204,brainard20201020a.txt,8.61543104101487,0.15107404,0.5674571
205,powell20160226a.txt,10.137934091492149,0.13149883,0.5302868
206,yellen20170328a.txt,8.005606078503503,0.12291951,0.5276983
207,fischer20160210a.txt,24.87412656799464,0.15909983,0.56043804
208,powell20200521a.txt,2.7538555638925604,0.11644391,0.56373906
209,quarles20190603a.txt,5.201332077365503,0.1567511,0.5446129
210,bowman20201204a.txt,4.279235672405338,0.14001606,0.527122
211,fischer20150327a.txt,12.969139845698784,0.14209248,0.52300215
212,bernanke20120326a.txt,26.827896559892913,0.17889181,0.6602001
213,bowman20210803a.txt,5.774278627436344,0.119301304,0.56213576
214,bernanke20130408a.txt,18.49489199816037,0.13952373,0.54211617
215,powell20170420a.txt,12.129617330609317,0.12955676,0.6069102
216,quarles20181116a.txt,5.187327352297645,0.14387633,0.52899164
217,quarles20201015a.txt,19.92981538965721,0.1401254,0.55053246
218,cook20231018a.txt,4.8640606878742885,0.13143255,0.51790947
219,bowman20221020a.txt,10.357869681257952,0.12401779,0.5662291
220,fischer20160103a.txt,16.145001921922205,0.15399931,0.56568146
221,brainard20151201a.txt,12.79703390018831,0.26035634,0.6239915
222,powell20161118a.txt,15.310402312169927,0.12617859,0.6204105
223,quarles20181004a.txt,8.862513791690887,0.114981934,0.52638996
224,stein20131004a.txt,21.086245542921613,0.124717854,0.531943
225,fischer20150624a.txt,7.557732745834878,0.13785343,0.5220108
226,bowman20200116a.txt,7.492099013678081,0.1961288,0.54641855
227,powell20200409a.txt,4.393669905067022,0.19700386,0.62521714
228,waller20230420a.txt,5.720969172722137,0.12637633,0.5180752
229,powell20240519a.txt,7.840499212768063,0.1324039,0.53220004
230,clarida20200109a.txt,1.609749010380842,0.21166788,0.56990916
231,fischer20150829a.txt,5.03705222073304,0.13753521,0.62100935
232,cook20240710a.txt,8.309732263882834,0.18554752,0.5929738
233,bernanke20131014a.txt,5.9560333327469115,0.16013122,0.54760003
234,bernanke20121014a.txt,8.625344358412063,0.13375998,0.66509104
235,brainard20200806a.txt,4.495609913738011,0.1677083,0.5721671
236,brainard20201201a.txt,11.073687034249648,0.1542663,0.60666823
237,yellen20140415a.txt,4.175327522361086,0.12902525,0.5376962
238,jefferson20240416a.txt,17.596500742176147,0.12963936,0.5154551
239,waller20230524a.txt,8.819861405829776,0.15636267,0.5484444
240,cook20230404a.txt,1.7958083054206189,0.110509604,0.4974907
241,bernanke20131002a.txt,4.02273322097186,0.13065852,0.5299345
242,raskin20120723a.txt,25.064203664013483,0.12479661,0.55181897
243,brainard20210113a.txt,13.615614059276865,0.16940992,0.57913435
244,brainard20170301a.txt,12.882250099362096,0.25321582,0.57184356
245,brainard20201217a.txt,1.4286243567725363,0.12271988,0.535754
246,powell20191004a.txt,2.0036447782168376,0.13709886,0.53393954
247,yellen20171020a.txt,11.517158734024665,0.17677991,0.5915392
248,powell20220524a.txt,0.0,0.13001925,0.52837074
249,cook20240614a.txt,1.9300690884985376,0.13146096,0.5354519
250,brainard20180417a.txt,4.044276263471658,0.13500884,0.53616977
251,brainard20161117a.txt,10.576931504095445,0.13660276,0.53751165
252,powell20190212a.txt,9.98285752366446,0.13029176,0.55383825
253,bowman20220806a.txt,11.9552310226985,0.32068607,0.576268
254,bowman20240207a.txt,4.550213095968766,0.1664233,0.56299394
255,powell20170601a.txt,6.357048196343385,0.21685341,0.59358656
256,tarullo20121128a.txt,15.11945365832165,0.11265358,0.5117732
257,yellen20130404a.txt,13.652017149494931,0.13210185,0.52321047
258,bowman20231128a.txt,12.896120479644608,0.17295025,0.5301076
259,tarullo20120410a.txt,12.384764589309398,0.13745202,0.547486
260,bowman20241011a.txt,21.396436586701675,0.13737063,0.52229244
261,tarullo20160520a.txt,12.474626592245487,0.12692833,0.51624507
262,waller20210805a.txt,14.326341960788707,0.1062786,0.4964338
263,powell20171102a.txt,7.857312860792638,0.12673603,0.5302553
264,tarullo20120502a.txt,25.920084909165617,0.119943686,0.5154543
265,clarida20211108a.txt,3.022650980876471,0.19110733,0.6146103
266,bernanke20130412a.txt,17.450614027919677,0.11817802,0.55647725
267,quarles20190926a.txt,13.640292034011011,0.12783845,0.53807646
268,barr20221201a.txt,28.863338875487166,0.12517986,0.5112117
269,quarles20190530a.txt,11.652053166004444,0.20287342,0.5516355
270,bowman20200819a.txt,2.143053350179964,0.16120265,0.531787
271,barr20231201a.txt,19.63295022573203,0.18826826,0.56518275
272,yellen20150710a.txt,14.002842906870695,0.15586278,0.5329706
273,cook20231106a.txt,15.355088619754213,0.16235244,0.5373426
274,yellen20160826a.txt,25.1760238378694,0.13121514,0.52926326
275,stein20130926a.txt,7.828964459130513,0.1261181,0.5296214
276,waller20231026a.txt,4.109886325218749,0.14902756,0.5344137
277,barr20231128a.txt,1.8488530041622073,0.13875562,0.52897066
278,bowman20190625a.txt,3.7407844327788475,0.13321255,0.5378985
279,powell20160929a.txt,11.982417925808164,0.11857824,0.5026258
280,fischer20170620a.txt,22.48535373084786,0.11900773,0.51975393
281,waller20220909a.txt,11.80206224569011,0.22856212,0.5666465
282,quarles20190927a.txt,10.248723132671019,0.10191776,0.5019287
283,brainard20200714a.txt,18.368481701833552,0.21693373,0.7523625
284,bernanke20120413a.txt,37.96332674157057,0.119022034,0.5287795
285,brainard20220930a.txt,9.818983176331178,0.39828226,0.58492523
286,quarles20211018a.txt,11.85302828722566,0.1299171,0.54056555
287,fischer20151203a.txt,14.709982677612924,0.14682783,0.5486496
288,bowman20240617a.txt,14.894220902639802,0.119722396,0.5181426
289,tarullo20150928a.txt,28.174950119741133,0.09990774,0.50933486
290,brainard20160414a.txt,7.442196546739643,0.12536453,0.5042889
291,powell20150218a.txt,32.221981418987426,0.14109904,0.5214919
292,barr20230329a.txt,0.902680678388186,0.14254451,0.5334768
293,tarullo20130503a.txt,30.394424796228055,0.13152711,0.560495
294,clarida20200831a.txt,16.735999393181967,0.15973087,0.51196164
295,bowman20210623a.txt,7.098852925570806,0.1510572,0.5527864
296,bowman20240528a.txt,5.421140339565169,0.15650825,0.56772155
297,brainard20201001a.txt,1.772709612217391,0.14105965,0.54992974
298,brainard20170117a.txt,8.165620170757178,0.122770004,0.53114146
299,brainard20171213a.txt,3.510264805577278,0.15874666,0.5865936
300,bowman20230807a.txt,2.1609936438540776,0.31807977,0.56330734
301,brainard20181207a.txt,23.642297284500856,0.2720673,0.5781483
302,bowman20231017a.txt,12.57416915562163,0.14886793,0.5273134
303,powell20180213a.txt,1.595871635027106,0.21306323,0.5440377
304,brainard20171116a.txt,23.801364988035196,0.13255708,0.49827597
305,stein20130419a.txt,21.848881471839658,0.14900489,0.5524485
306,bowman20200930a.txt,14.533483191484601,0.11514253,0.5694776
307,brainard20210112a.txt,14.244622935102766,0.14085862,0.51644415
308,brainard20180912a.txt,10.744554655517131,0.20102744,0.5592688
309,powell20150625a.txt,23.245421064163352,0.14720148,0.5321946
310,fischer20151002a.txt,13.118107810493587,0.1398119,0.51680917
311,clarida20210325a.txt,4.345313785454923,0.13770923,0.57787085
312,brainard20171012a.txt,15.387380293842849,0.14511901,0.55057025
313,brainard20160603a.txt,14.563052105717293,0.21858284,0.691625
314,cook20230106a.txt,9.716113211319458,0.15476288,0.5357026
315,yellen20150506a.txt,20.44059288010862,0.1847709,0.54152614
316,powell20150408a.txt,13.152449905239934,0.31990862,0.56917626
317,fischer20160821a.txt,15.458907945343752,0.19825256,0.6150053
318,brainard20170711a.txt,8.351452035088796,0.21668375,0.55549794
319,quarles20210330a.txt,8.225773200624099,0.14590263,0.5428978
320,clarida20210108a.txt,3.2254575085980615,0.12980206,0.614205
321,clarida20200221a.txt,4.331122176517313,0.10455297,0.48573238
322,jefferson20240513a.txt,8.725277736885609,0.14129706,0.5095092
323,fischer20150330a.txt,21.51101642941164,0.15440339,0.5280887
324,clarida20191114a.txt,9.817679002148102,0.17255478,0.54452354
325,kugler20240404a.txt,6.800701725391117,0.13250867,0.5172016
326,bowman20240709a.txt,4.515871293737002,0.16911018,0.5281182
327,yellen20140822a.txt,23.455081693936048,0.15316549,0.6363987
328,fischer20170505a.txt,7.315072394882286,0.114964835,0.5126299
329,bowman20230519a.txt,13.23889889686907,0.1423381,0.52150816
330,yellen20160606a.txt,16.66768381250907,0.27758473,0.57311803
331,yellen20150930a.txt,4.2869345951411,0.14411034,0.52954876
332,raskin20130606a.txt,14.311025545679836,0.14276274,0.52003294
333,bowman20240924a.txt,10.560965692655536,0.24888435,0.5946397
334,fischer20170417a.txt,7.971157730117324,0.12513606,0.5087569
335,quarles20201014a.txt,11.119612624866178,0.18245153,0.6310073
336,jefferson20230518a.txt,6.357205331692335,0.1259211,0.63307494
337,powell20141106a.txt,16.64137268135438,0.15972294,0.53724766
338,bernanke20120409a.txt,11.801823026449167,0.16210505,0.5623673
339,quarles20191101a.txt,18.84474262074664,0.10852062,0.518743
340,barr20240709a.txt,6.395069984163681,0.1442729,0.51679397
341,bowman20220221a.txt,7.3493529036464915,0.5245647,0.58109903
342,bowman20240820a.txt,7.629582805803297,0.27077112,0.5737952
343,tarullo20140508a.txt,21.33043060313667,0.112269275,0.49727255
344,fischer20161115a.txt,14.968981434192694,0.1373479,0.5331627
345,fischer20170211a.txt,6.543327236545602,0.1258915,0.51147074
346,yellen20160329a.txt,16.447387061336517,0.24365582,0.59381795
347,brainard20201021a.txt,19.859820640942843,0.16104372,0.71948063
348,cook20240926a.txt,9.342633127841767,0.113002494,0.5485049
349,barr20230309a.txt,24.796664845244848,0.13656402,0.52785236
350,jefferson20231108a.txt,7.8359044937427065,0.11322018,0.50290614
351,tarullo20161202a.txt,38.846528537140856,0.119499475,0.5756613
352,brainard20170926a.txt,16.284837735074635,0.19576702,0.5657976
353,brainard20190621a.txt,4.901199577007059,0.1818074,0.5591706
354,brainard20170530a.txt,11.120208542116561,0.2858882,0.5908504
355,powell20180927a.txt,1.4463821070247407,0.20358863,0.58477414
356,duke20130509a.txt,15.412345336719909,0.17005442,0.5450043
357,powell20191009a.txt,1.4433457209722382,0.15316841,0.53555727
358,bowman20231109a.txt,33.03769439673677,0.13415182,0.49414828
359,yellen20170112a.txt,1.6296617465860272,0.14479327,0.5155756
360,brainard20190508a.txt,2.3317272577780908,0.15086609,0.55102193
361,brainard20200221a.txt,13.217983582456988,0.10024977,0.54287994
362,brainard20200108a.txt,8.286158501416853,0.15306526,0.56273943
363,barr20230718a.txt,14.421507719129576,0.16125363,0.55228686
364,waller20230616a.txt,7.998405656461843,0.18844001,0.5387031
365,powell20190823a.txt,16.64572512466157,0.2657461,0.6224339
366,cook20230331a.txt,5.211392181143203,0.12825371,0.55069804
367,stein20121130a.txt,4.66919014957517,0.16018969,0.5771223
368,bowman20220928a.txt,9.252222669189159,0.11493658,0.5190253
369,fischer20140710a.txt,28.045925063791717,0.12977865,0.56504744
370,yellen20140501a.txt,6.146923044152085,0.1196301,0.5323982
371,kugler20240618a.txt,5.1982117194871025,0.21853378,0.5735499
372,bowman20240515a.txt,7.308155056383667,0.13747537,0.526508
373,duke20120113a.txt,27.52785578239657,0.15554637,0.562402
374,waller20211117a.txt,9.80805406970027,0.13072231,0.5166888
375,powell20170328a.txt,22.028050647625243,0.14407137,0.5348533
376,quarles20180326a.txt,10.979668074531368,0.15737137,0.5487776
377,quarles20210225a.txt,13.111445336614349,0.14315698,0.5183579
378,yellen20151202a.txt,11.528885381683416,0.22000006,0.58078915
379,brainard20180515a.txt,16.228942125592656,0.12069466,0.5082903
380,powell20220826a.txt,6.6293566983868795,0.3869968,0.6299958
381,powell20231108a.txt,1.5469591915146523,0.123067215,0.5225134
382,brainard20160307a.txt,16.655835401558708,0.18801,0.5916084
383,yellen20170119a.txt,17.998573541822196,0.22992659,0.5654092
384,powell20181002a.txt,13.974636206733617,0.23124564,0.60277814
385,tarullo20121010a.txt,42.32228594970556,0.14244255,0.5375647
386,brainard20150709a.txt,16.526593600472406,0.15775283,0.52933943
387,bowman20240503a.txt,3.2982735367562457,0.29435116,0.5609861
388,quarles20180222a.txt,5.389627123607342,0.13481824,0.5573872
389,bowman20211019a.txt,7.300815890589421,0.1251684,0.52732974
390,bowman20230314a.txt,14.850060317356572,0.14137185,0.53988755
391,quarles20190222a.txt,2.330253287455369,0.15932989,0.52417743
392,stein20131018a.txt,15.886471949048987,0.1565198,0.5407423
393,brainard20181017a.txt,15.555380989435381,0.13180803,0.49840936
394,cook20231116a.txt,11.612349999143532,0.15366699,0.55917674
395,quarles20181018a.txt,14.057470282159715,0.22477123,0.5415507
396,bernanke20130510a.txt,24.313277741226944,0.12880287,0.55687195
397,tarullo20151105a.txt,27.331698241316097,0.12147089,0.5132713
398,bernanke20120510a.txt,15.308848546966896,0.15754211,0.5337376
399,brainard20210302a.txt,9.525688154235715,0.18431178,0.6432683
400,powell20150209a.txt,29.289800306079037,0.12969069,0.5579351
401,brainard20190201a.txt,2.2816001771151724,0.13577627,0.5391427
402,powell20150120a.txt,14.416412324903977,0.1349143,0.5292592
403,brainard20210601a.txt,19.86854125458125,0.28375176,0.59398097
404,brainard20181113a.txt,14.13135924758941,0.12985739,0.5176365
405,bowman20230512a.txt,24.081859028645585,0.2742843,0.5615726
406,powell20181203a.txt,3.0429529976704313,0.24279901,0.5760348
407,bowman20240305a.txt,12.200819464179727,0.15072541,0.51280415
408,brainard20161202a.txt,13.13337258701457,0.11864501,0.51281476
409,tarullo20160926a.txt,33.79066642880805,0.1220684,0.5005109
410,fischer20170627a.txt,11.6884398730517,0.18974225,0.551714
411,yellen20141107a.txt,8.827049361820967,0.14897138,0.56855714
412,stein20140321a.txt,23.10691939150475,0.12924962,0.52831393
413,waller20220324a.txt,8.396069048523579,0.20749807,0.53134906
414,kugler20240301a.txt,20.1538645580462,0.17332758,0.53932697
415,powell20180824a.txt,16.09874330421078,0.21888705,0.59177196
416,yellen20140331a.txt,16.836335197338798,0.17502633,0.5868446
417,fischer20161104a.txt,4.10860752530631,0.20720321,0.57822925
418,bowman20230420a.txt,3.4392117040523473,0.17332338,0.5392093
419,powell20190520a.txt,19.27518996843771,0.19867493,0.53520936
420,quarles20180516a.txt,15.504003015067049,0.1383444,0.5393807
421,brainard20220405a.txt,8.264435502168535,0.2673034,0.5625549
422,bowman20240108a.txt,20.149097132110057,0.24214332,0.5760909
423,clarida20190411a.txt,1.4206258378568954,0.267058,0.61082184
424,clarida20210512a.txt,4.850912655128925,0.1373747,0.61159635
425,clarida20190503a.txt,7.493068505900254,0.13589436,0.500923
426,bowman20220318a.txt,1.5565275793515045,0.13969287,0.5451882
427,powell20150803a.txt,8.188043126081038,0.12920487,0.54344875
428,yellen20150327a.txt,23.98595775445184,0.22479026,0.5058317
429,bowman20240626a.txt,10.688435841532023,0.2826984,0.57334065
430,jefferson20230227a.txt,18.05633181826651,0.20233786,0.5297609
431,tarullo20131122a.txt,22.435872004523315,0.14853074,0.52851933
432,powell20231201a.txt,4.972590521477329,0.16312633,0.5274703
433,bowman20240718a.txt,22.548343989786655,0.118209094,0.52254087
434,waller20231128a.txt,4.600742445583871,0.29057598,0.6227233
435,quarles20211005a.txt,5.642013307158543,0.10785909,0.5125044
436,bowman20190402a.txt,2.4794367565080417,0.11430383,0.52988327
437,barr20230908a.txt,5.339030541088935,0.15883741,0.52624196
438,yellen20140521a.txt,11.680816044568958,0.13765973,0.520589
439,brainard20210524a.txt,8.844830177352783,0.13377668,0.51500744
440,powell20170830a.txt,10.397969493825657,0.13904947,0.5483421
441,powell20151117a.txt,9.873930005616485,0.1382763,0.526291
442,clarida20191001a.txt,1.4287110931421432,0.1249656,0.5006207
443,bernanke20121120a.txt,26.838741828481268,0.13754724,0.644354
444,brainard20220829a.txt,1.531334684022418,0.17196372,0.5423053
445,cook20230121a.txt,8.262134105218097,0.12530024,0.521741
446,kugler20240403a.txt,9.293174905079136,0.2742475,0.56179667
447,duke20130308a.txt,25.749545820608,0.21033075,0.56358254
448,cook20240222a.txt,12.648806839215707,0.13345912,0.5309288
449,clarida20191112a.txt,13.24940167415963,0.11928558,0.56184435
450,quarles20191003a.txt,11.36521967435161,0.12335336,0.5382818
451,quarles20210711a.txt,3.6225065938583225,0.17806335,0.5186249
452,bowman20220817b.txt,13.106395119558629,0.11958652,0.56544393
453,cook20240625a.txt,7.480252910990628,0.39309296,0.59115237
454,quarles20210526b.txt,15.820745852095158,0.2662968,0.6604976
455,brainard20191108a.txt,16.685951771147618,0.15529872,0.55278784
456,yellen20170303a.txt,16.516811227039188,0.1867733,0.5804412
457,duke20121109a.txt,19.166648207143435,0.12342718,0.5338202
458,powell20150204a.txt,3.452189155306838,0.14936095,0.53230846
459,stein20131107a.txt,21.503233367246754,0.13142587,0.53044015
460,barr20231027a.txt,1.4376886073170314,0.13395743,0.51492554
461,yellen20160929a.txt,0.9080042190692108,0.13856675,0.5267608
462,stein20140228a.txt,11.646456051346265,0.21441549,0.55413663
463,tarullo20150430a.txt,11.458523029776318,0.101249345,0.48303124
464,stein20140506a.txt,15.327229201120598,0.12244932,0.51676583
465,clarida20200616a.txt,9.6045131874961,0.14023265,0.58298045
466,quarles20200707a.txt,9.538893343664723,0.15995455,0.5578821
467,brainard20210323a.txt,15.084286161318342,0.17663272,0.53297436
468,bowman20240627a.txt,18.329524097932033,0.2590423,0.5557939
469,waller20220714a.txt,10.734833795584628,0.35622895,0.6246046
470,quarles20200117a.txt,18.39301234339367,0.11316729,0.5115819
471,powell20170626a.txt,4.582637818729775,0.24107507,0.5688321
472,stein20130628a.txt,6.207212217577748,0.1390693,0.5492293
473,fischer20161017a.txt,15.075304740989495,0.16069089,0.6429373
474,brainard20180518a.txt,12.664414289091262,0.12157404,0.54894775
475,powell20131003a.txt,13.449468155537392,0.1413795,0.5490256
476,fischer20150526a.txt,11.96350167601894,0.12752904,0.5203461
477,clarida20190328a.txt,9.752856089083032,0.12510124,0.50968784
478,fischer20160201a.txt,5.689982027139651,0.21005468,0.6047893
479,powell20200619a.txt,4.329631613391548,0.14047483,0.5461228
480,tarullo20141020a.txt,45.3868683529518,0.15398014,0.5407069
481,yellen20170505a.txt,22.826729664325406,0.13808225,0.56196105
482,bowman20220817a.txt,4.394452516801988,0.12342869,0.49858826
483,bowman20211022a.txt,12.586920922191553,0.14855705,0.5417306
484,jefferson20230512a.txt,8.233009912493088,0.16855112,0.5472227
485,quarles20210526a.txt,9.886660351770448,0.15254748,0.53874886
486,quarles20200619a.txt,9.659840324413828,0.12960514,0.5343059
487,brainard20211007a.txt,13.665112167559208,0.16398588,0.49950555
488,clarida20211119a.txt,10.86517063418327,0.11350453,0.54082036
489,waller20240524a.txt,8.34683499717765,0.12822582,0.4847488
490,bowman20210222a.txt,5.798348336211575,0.16726153,0.57902837
491,powell20140930a.txt,2.6012689211818922,0.145555,0.562258
492,barr20240216a.txt,17.780564943485228,0.13978757,0.53987366
493,brainard20190312a.txt,5.141823209590137,0.14190027,0.5269691
494,brainard20191016a.txt,14.607857475940829,0.12640962,0.5079876
495,brainard20220218a.txt,3.2651885879023377,0.15749931,0.51683825
496,bowman20231011a.txt,18.287142763636364,0.27951276,0.6069467
497,brainard20210323b.txt,7.141050189492773,0.16134575,0.6238532
498,brainard20170428a.txt,21.133932304830218,0.12445747,0.5107395
499,powell20161129a.txt,12.74146730556945,0.18317097,0.5585601
500,yellen20170323a.txt,5.083588873566201,0.122814834,0.5062234
501,powell20151120a.txt,2.395213912567665,0.12916002,0.4935108
502,powell20231109a.txt,9.517482606227995,0.357135,0.6152298
503,yellen20170118a.txt,11.940872975375443,0.13177124,0.5101679
504,bernanke20130301a.txt,17.38215726873833,0.12329547,0.6201242
505,duke20120515a.txt,27.041506005639878,0.12191603,0.5578485
506,bowman20240810a.txt,24.514383331768382,0.28078702,0.5650174
507,barr20230207a.txt,19.977587102914082,0.15443024,0.5540288
508,powell20190311a.txt,1.736137080303566,0.1553298,0.5581306
509,powell20190604a.txt,11.946517417813569,0.16968504,0.5684719
510,jefferson20231114a.txt,15.537658004138255,0.13312584,0.5057479
511,bernanke20130602a.txt,5.651203494323265,0.1327576,0.5244421
512,yellen20130602a.txt,10.467161118565825,0.15878998,0.54225683
513,brainard20200505a.txt,1.6598566739872642,0.13759346,0.55420387
514,powell20190716a.txt,9.182155911301503,0.13580458,0.5421111
515,kugler20241008a.txt,9.156767517152534,0.1419358,0.5328142
516,bowman20231007a.txt,8.7035431987923,0.22115734,0.5621781
517,bowman20230303a.txt,3.6687243905614673,0.18403924,0.6029822
518,bernanke20130710a.txt,21.494804200226568,0.10110715,0.5249309
519,brainard20181003a.txt,8.015033148108483,0.17851053,0.5443182
520,yellen20130416a.txt,3.548307287610996,0.13341118,0.5374003
521,waller20210513a.txt,13.223262662645178,0.18122835,0.64899534
522,brainard20190307a.txt,13.610833508215299,0.20622966,0.63702303
523,bowman20240215a.txt,7.032916127269709,0.14742732,0.53052133
524,powell20210817a.txt,2.7591455008305807,0.13191818,0.53697896
525,powell20181128a.txt,25.471863645623387,0.21874796,0.5775964
526,bowman20240307a.txt,12.207571711268422,0.2708591,0.57991457
527,powell20200513a.txt,14.360701990662266,0.1512806,0.6728057
528,yellen20141017a.txt,12.812861745073523,0.22047584,0.58596843
529,cook20221006a.txt,12.753018686591558,0.1778624,0.5884019
530,yellen20170926a.txt,20.626808062178625,0.16430987,0.5715584
531,quarles20180719a.txt,4.967950930111262,0.16342534,0.5479819
532,cook20230928a.txt,1.0279585121216521,0.14763546,0.530131
533,yellen20140305a.txt,3.0147814637082426,0.16259618,0.5224405
534,quarles20171130a.txt,12.573435627726269,0.13231507,0.52301884
535,powell20180406a.txt,14.009577491478087,0.22370633,0.57386416
536,tarullo20141107a.txt,12.914114656920233,0.14408489,0.51987714
537,powell20240823a.txt,13.507156726575746,0.34452724,0.6148947
538,powell20130627a.txt,14.191207977095418,0.1650388,0.57270235
539,bowman20231205a.txt,2.7108282591810258,0.17293572,0.5325296
540,yellen20140702a.txt,22.813104059124502,0.15822235,0.54404336
541,brainard20181015a.txt,3.360244407709758,0.16133702,0.5541181
542,bowman20230414a.txt,16.738649165451776,0.11761743,0.5205073
543,brainard20190805a.txt,1.8488724656091025,0.17042269,0.54041886
544,bowman20221012a.txt,8.219655896806145,0.42324084,0.5942836
545,powell20170107a.txt,13.172363391736754,0.21707621,0.72503984
546,yellen20140515a.txt,1.6015593668258747,0.2030689,0.6305376
547,cook20241001a.txt,6.041614823410521,0.12403169,0.5430106
548,quarles20190109a.txt,7.204566122340823,0.1417102,0.5132985
549,bernanke20131114a.txt,1.8728535794378378,0.14581127,0.5361372
550,quarles20180627a.txt,11.857639599010176,0.1357452,0.53623235
551,barr20231116a.txt,8.290838922157857,0.13594034,0.53401387
552,waller20231018a.txt,6.153650674129362,0.23156855,0.58461183
553,tarullo20151202a.txt,3.2375281805296154,0.13297395,0.53611827
554,clarida20181127a.txt,4.1447201467489165,0.23943987,0.561162
555,bowman20240405a.txt,17.43573566390919,0.13689436,0.51333666
556,raskin20130418a.txt,28.654123672559997,0.14310306,0.56940824
557,brainard20150930a.txt,6.57289485681962,0.123943344,0.5316218
558,fischer20151011a.txt,3.627867694777943,0.25608644,0.61878324
559,bernanke20120314a.txt,5.9422622754156365,0.13276812,0.53287464
560,fischer20141011a.txt,14.35418290239666,0.12992534,0.52305305
561,jefferson20221117a.txt,5.725837660673978,0.17552795,0.5066586
562,waller20220218a.txt,3.7734844737658984,0.16304705,0.5404229
563,waller20240819a.txt,2.6757065495115278,0.12626718,0.50228393
564,bowman20231004a.txt,16.806098945449136,0.12389732,0.5122443
565,barr20221012a.txt,10.688588492386058,0.1222761,0.5166703
566,bowman20240517a.txt,23.980848284453916,0.33528134,0.5857227
567,clarida20210224a.txt,4.403612732586886,0.12130924,0.67192346
568,kugler20240925a.txt,9.456678732236087,0.26241025,0.6376066
569,tarullo20150130a.txt,20.316495923173264,0.14056793,0.5047471
570,clarida20211012a.txt,3.290786219910075,0.23370677,0.56256855
571,waller20240301a.txt,8.179695168990285,0.17794868,0.56021774
572,fischer20150227a.txt,4.56848973158047,0.19689715,0.5708461
573,yellen20171004a.txt,1.6524894382791995,0.14650202,0.5379093
574,cook20240325a.txt,12.132719925083704,0.229675,0.55855876
575,jefferson20240520a.txt,6.687372324312285,0.19325994,0.5361313
576,clarida20201116a.txt,5.4226944564298165,0.15549994,0.54701316
577,brainard20150402a.txt,14.223344068477495,0.10801839,0.54141146
578,bowman20220623a.txt,6.076888887832667,0.45157483,0.5645214
579,powell20230629a.txt,10.953286973830764,0.2652393,0.6002354
580,bowman20230418a.txt,14.725093569585985,0.12156884,0.5188027
581,bowman20190904a.txt,1.0669734996672682,0.14458925,0.5153994
582,powell20171018a.txt,6.5641565418345325,0.12792738,0.49501562
583,fischer20150323a.txt,16.019752036676593,0.2335595,0.64766896
584,quarles20200211a.txt,10.954156370444888,0.14561483,0.535537
585,bowman20211129a.txt,5.622743124319976,0.14460525,0.5447984
586,quarles20190410a.txt,2.471640079573776,0.1337858,0.5329761
587,fischer20151119a.txt,9.04964087295971,0.15223886,0.5313637
588,powell20170222a.txt,9.533539264987382,0.2120519,0.55840945
589,yellen20140325a.txt,0.41198396887572863,0.14469436,0.52677256
590,brainard20190223a.txt,1.5680530895452298,0.13330375,0.5354224
591,bowman20220930a.txt,13.376655522482233,0.13526541,0.54630446
592,powell20131104a.txt,15.15494795731111,0.17949782,0.56244034
593,bowman20230822a.txt,2.6980241509506633,0.12350405,0.5237077
594,waller20221014a.txt,8.665565014719975,0.11931944,0.5269621
595,jefferson20240222a.txt,14.79295056677039,0.19099557,0.5533987
596,powell20190308a.txt,11.619281623224461,0.16349967,0.5698117
597,kugler20240207a.txt,7.911089580970018,0.19502483,0.55947465
598,brainard20210224a.txt,21.260392793251963,0.14018816,0.56990993
599,tarullo20140409a.txt,16.94439925513084,0.13610646,0.56925535
600,raskin20130228a.txt,30.76224406059108,0.09575929,0.50820917
601,brainard20151012a.txt,11.865323415845483,0.17479382,0.58379185
602,quarles20190328a.txt,15.212596052199732,0.15373956,0.5348276
603,powell20130304a.txt,23.837214863000895,0.15338087,0.5555205
604,clarida20190110a.txt,4.012537173915418,0.2931896,0.56755334
605,powell20240403a.txt,2.1910868095386324,0.3136374,0.6086271
606,jefferson20231009a.txt,7.3806807928696125,0.20921749,0.5382653
607,bowman20230926a.txt,4.874216074548788,0.17679614,0.5459278
608,powell20161130a.txt,13.264382203286084,0.12937729,0.5171623
609,bowman20201001a.txt,5.632715666000198,0.15568246,0.55885047
610,waller20240116a.txt,10.363938142921624,0.24368711,0.6216475
611,stein20121217a.txt,10.35536765140697,0.12550734,0.513009
612,waller20211119a.txt,9.69633120487331,0.33311546,0.5857833
613,jefferson20230531a.txt,10.297653009733,0.16282979,0.5258284
614,clarida20190517a.txt,0.6093696100326903,0.18023993,0.53257537
615,tarullo20140327a.txt,18.185653105159528,0.10452704,0.5056813
616,brainard20191218a.txt,8.753344683635378,0.1372716,0.5217831
617,clarida20210414a.txt,7.279589776290607,0.14749877,0.5277352
618,yellen20140918a.txt,2.894704850385457,0.13317469,0.60739034
619,powell20130702a.txt,8.090422060372747,0.21742496,0.5397193
620,bowman20230531a.txt,1.3242094007097078,0.12801321,0.575234
621,duke20120720a.txt,8.72940854058491,0.14747705,0.5402333
622,bowman20230927a.txt,3.5209821264467465,0.14433701,0.540911
623,powell20210924a.txt,1.9683716979499444,0.13639939,0.53802574
624,bowman20210216a.txt,6.280287143875305,0.1256426,0.55242336
625,brainard20150602a.txt,12.650607654744293,0.08141725,0.52325547
626,powell20140904a.txt,18.147708398020857,0.1259602,0.52243376
627,waller20240906a.txt,9.130926461830157,0.20445102,0.59731764
628,quarles20190329a.txt,13.875741946158797,0.14015262,0.53760564
629,brainard20170522a.txt,25.0929680375451,0.13978933,0.52227503
630,duke20120327a.txt,12.701472337243239,0.13107727,0.5213726
631,brainard20210730a.txt,5.4771224628375785,0.20267245,0.5889203
632,quarles20201211a.txt,17.86493760554704,0.1286716,0.52105784
633,fischer20160307a.txt,21.24635229490996,0.12037133,0.50395596
634,powell20210318a.txt,2.9933564967621438,0.15379432,0.53818345
635,tarullo20140625a.txt,19.116820226846635,0.11989973,0.4972983
636,barr20231009a.txt,11.80134323000084,0.14664775,0.5350264
637,waller20231107a.txt,0.6259969396688818,0.14522055,0.5178149
638,bowman20190211a.txt,5.118811110778542,0.14089508,0.5402809
639,brainard20191126a.txt,17.7989099261248,0.14442542,0.5691225
640,bowman20240625a.txt,16.91080219073032,0.20971735,0.5664159
641,yellen20151020a.txt,5.363946122598181,0.13166548,0.5233507
642,bernanke20131119a.txt,13.332054166568478,0.14716819,0.5337075
643,brainard20181203b.txt,4.9831662202168365,0.14309521,0.5590053
644,fischer20161111a.txt,12.564247721425422,0.11997586,0.49117243
645,tarullo20160712a.txt,15.247773245483042,0.10720684,0.53571415
646,bernanke20120323a.txt,2.1384362982444136,0.13009685,0.53027
647,cook20230421a.txt,9.1509172033533,0.12438487,0.5100809
648,jefferson20230224a.txt,13.920887631987277,0.13297938,0.55568975
649,bowman20230622a.txt,3.1000352361630767,0.20234051,0.5763065
650,raskin20120301a.txt,11.749985084257114,0.14216217,0.5219244
651,tarullo20140609a.txt,29.311474676279254,0.09585043,0.4894584
652,brainard20210927a.txt,16.30065902755049,0.11611971,0.60104555
653,bernanke20120724a.txt,4.498545498488301,0.15289626,0.5361608
654,stein20140103a.txt,21.338505911415105,0.11063697,0.49682057
655,clarida20190605a.txt,0.6311467762052041,0.2003609,0.55361986
656,yellen20150522a.txt,14.259224076921981,0.09218472,0.5774873
657,powell20191125a.txt,6.307521491037952,0.24518716,0.55019873
658,barr20240520a.txt,14.503589327409907,0.18640168,0.5659146
659,bowman20240920a.txt,2.673459453431101,0.56620574,0.67005247
660,powell20141114a.txt,3.753579064838496,0.15571609,0.5390338
661,quarles20180305a.txt,5.890918218426954,0.13283266,0.52619773
662,quarles20200206a.txt,13.292657760900685,0.15141754,0.5200711
663,clarida20190701a.txt,13.346614976413406,0.13961059,0.5271925
664,powell20230110a.txt,1.074646559044288,0.25407308,0.5365244
665,cook20230505a.txt,3.9356763712085474,0.14938413,0.53479064
666,cook20240607a.txt,4.123428924483589,0.15523024,0.52810943
667,clarida20200225a.txt,2.061516929436638,0.2123581,0.5977167
668,powell20170405a.txt,0.6243956875735237,0.15139009,0.5319466
669,powell20201006a.txt,18.338972753656066,0.16285317,0.608745
670,yellen20121011a.txt,10.392620109111869,0.1326999,0.62283474
671,fischer20150601a.txt,29.302032687847383,0.13428916,0.53501695
672,bowman20221117a.txt,4.00154235849202,0.17136659,0.5283094
673,brainard20190516a.txt,15.959207239529041,0.18466865,0.57668984
674,barr20230710a.txt,18.85948609444799,0.16838323,0.5472408
675,bowman20230213a.txt,7.070521669718378,0.3497376,0.5937664
676,powell20210210a.txt,21.272344485954253,0.24407,0.61171883
677,powell20160628a.txt,12.759909372632407,0.13960744,0.5262834
678,clarida20190222a.txt,12.368672584408182,0.13361219,0.52832705
679,powell20230825a.txt,11.036056045795522,0.4564864,0.6119517
680,bowman20200826a.txt,10.392539816552356,0.12799552,0.5996326
681,bowman20211108a.txt,12.170281165011673,0.20958531,0.5362965
682,yellen20130211a.txt,22.83488487462689,0.19619878,0.6241041
683,cook20230513a.txt,4.828693598650028,0.13796195,0.5383881
684,bernanke20121115a.txt,27.55081587221955,0.16306682,0.61605954
685,powell20231019a.txt,4.757537367647719,0.42599222,0.58797884
686,bowman20240625b.txt,7.082625556677333,0.13303247,0.518212
687,quarles20210322a.txt,4.343968881866643,0.14434072,0.53688705
688,brainard20181203a.txt,8.151162549504205,0.13396259,0.5310522
689,duke20120106a.txt,34.77222886877282,0.121506445,0.5860301
690,brainard20210511a.txt,12.09192751344047,0.20939164,0.63073707
691,brainard20201117a.txt,4.930509279291775,0.13475509,0.50972116
692,yellen20151112a.txt,2.131440175893604,0.12072916,0.5269739
693,bowman20240202a.txt,17.485229257019054,0.15436034,0.5308042
694,barr20240214a.txt,14.28044920142777,0.14442222,0.56596416
695,waller20230331a.txt,8.510447982344623,0.16727687,0.5255513
696,tarullo20121204a.txt,16.43371174086615,0.13280015,0.5171609
697,barr20220907a.txt,13.05814063966262,0.15552786,0.5210476
698,brainard20210301a.txt,24.213289590474485,0.17083482,0.5850058
699,clarida20191018a.txt,1.8940829118767983,0.16507131,0.6155391
700,powell20240930a.txt,2.100760260381216,0.3575588,0.60265255
701,cook20240514a.txt,3.058807950889617,0.13488401,0.533294
702,quarles20181109a.txt,10.162246318082865,0.1194592,0.5115346
703,clarida20190520a.txt,5.262974592576738,0.19689383,0.5389881
704,quarles20180718a.txt,9.451476250560749,0.12582299,0.5095187
705,brainard20211013a.txt,14.003699955655327,0.14190765,0.54517746
706,fischer20160223a.txt,5.049262998635423,0.19841933,0.55036163
707,bowman20241002a.txt,28.14415661022619,0.12853761,0.52590877
708,powell20240926a.txt,1.415362613424815,0.13683534,0.5314057
709,brainard20180306a.txt,5.967516999030144,0.20300958,0.58975005
710,brainard20220719a.txt,2.0961316562518633,0.13886426,0.55084634
711,brainard20200205a.txt,11.59311122998931,0.13975771,0.5078179
712,clarida20201014a.txt,4.401592402374747,0.12276674,0.5913868
713,powell20180508a.txt,7.241071946720276,0.12996946,0.5073929
714,raskin20130717a.txt,24.055575406521864,0.16621625,0.53748447
715,cook20231108a.txt,18.078668800642674,0.17581533,0.5444484
716,brainard20180531a.txt,8.997195691915485,0.4428481,0.5924428
717,jefferson20230327a.txt,9.886795850404708,0.12862398,0.5112858
718,waller20240215a.txt,8.564505616185528,0.12106777,0.5314319
719,yellen20161014a.txt,18.207737177463464,0.10379438,0.5238496
720,brainard20141203a.txt,21.93086657560403,0.15509537,0.54388696
721,quarles20191114a.txt,4.09287221047774,0.13172314,0.54036146
722,jefferson20241008a.txt,30.64902236202215,0.14120828,0.5628418
723,quarles20190210a.txt,6.581736819777636,0.15610428,0.5305679
724,cook20230922a.txt,12.29483540602634,0.12028316,0.51520365
725,bowman20210505a.txt,7.932595751805247,0.17078596,0.654539
726,waller20230414a.txt,8.106488233085647,0.29513377,0.5764895
727,bowman20230625a.txt,30.797488529002894,0.15034892,0.53571206
728,quarles20190206a.txt,3.594680519031268,0.1437076,0.5218073
729,tarullo20130222a.txt,23.50270471434069,0.10920799,0.52283007
730,clarida20191101a.txt,6.526077763195552,0.16445655,0.4734608
731,fischer20150630a.txt,11.874501361849765,0.12651975,0.5269923
732,brainard20210218a.txt,11.255648762044466,0.18252456,0.550009
733,bernanke20130518a.txt,8.320717965185201,0.14031409,0.53861016
734,powell20160526a.txt,13.799582746442344,0.25138852,0.5479758
735,bowman20190328a.txt,9.545950105211233,0.1302418,0.5286232
736,quarles20180226b.txt,2.5021883928849746,0.1533273,0.52973104
737,jefferson20231019a.txt,2.1259485502582347,0.13663383,0.5281099
738,tarullo20131018a.txt,31.916725867402686,0.13478209,0.54958564
739,raskin20130516a.txt,12.96771838919075,0.117628835,0.51766187
740,powell20190709a.txt,5.028474908249597,0.14684503,0.54446876
741,brainard20180419a.txt,13.693215091484975,0.29374564,0.60642207
742,brainard20150701a.txt,9.619607535158679,0.13767348,0.55029863
743,bowman20231018a.txt,2.1417664630152795,0.17636959,0.5374531
744,powell20200827a.txt,12.520178565591328,0.16209781,0.52826256
745,powell20210827a.txt,16.501960136055406,0.21037933,0.63968873
746,powell20170623a.txt,18.026621964029832,0.17524326,0.51587385
747,quarles20180504a.txt,4.740276831744603,0.1254619,0.5132021
748,powell20211109a.txt,3.7833115573147524,0.1392695,0.5351962
749,tarullo20140225a.txt,23.804948236429247,0.13841616,0.49798223
750,waller20220603a.txt,9.901874255397153,0.1353387,0.52148885
751,raskin20120107a.txt,35.02793020377899,0.15438108,0.5339254
752,waller20240517a.txt,5.788379330895114,0.15110396,0.5190858
753,bernanke20131108a.txt,20.35322109980376,0.15134756,0.5486246
754,clarida20210804a.txt,3.6328529263605343,0.20022278,0.6475976
755,brainard20151106a.txt,9.542757866778492,0.17952289,0.6839716
756,tarullo20130920a.txt,33.19121004697542,0.1178753,0.49939695
757,waller20221116a.txt,9.329732180024441,0.25248614,0.6680673
758,powell20140923a.txt,4.20376011333785,0.13093233,0.5255452
759,tarullo20151117a.txt,20.31603499392493,0.15284066,0.5412534
760,waller20210329a.txt,12.274759201184256,0.13641581,0.5820908
761,bernanke20120806a.txt,4.542082193027871,0.116441034,0.49571183
762,quarles20190709a.txt,11.404369390046625,0.13303992,0.5352366
763,brainard20220525a.txt,12.065402455239312,0.14323121,0.50395846
764,fischer20170731a.txt,15.582559038530485,0.14301425,0.5621089
765,bowman20210909a.txt,4.136627427371862,0.09216769,0.51148254
766,brainard20170728a.txt,4.247743249145527,0.15223892,0.5325873
767,fischer20140811a.txt,29.488495099998065,0.09808022,0.5865542
768,yellen20150303a.txt,17.985585360741,0.15706223,0.5263113
769,quarles20190820a.txt,1.7669653411039417,0.16826633,0.5262359
770,quarles20200923a.txt,16.374183624761834,0.16128545,0.57347935
771,powell20210503a.txt,5.377803663734449,0.14032719,0.6362618
772,cook20230216a.txt,1.1965958233732465,0.1310095,0.5323831
773,powell20211129a.txt,0.26008928681812216,0.13805328,0.52999055
774,bowman20200227a.txt,4.584233305225215,0.13876484,0.5238253
775,waller20240521a.txt,8.772326373531028,0.2421245,0.5906009
776,cook20240401a.txt,4.223965671241097,0.1534017,0.52965117
777,bowman20240710a.txt,0.6633845012208086,0.1381453,0.52469254
778,brainard20201110a.txt,9.427520945323224,0.13520354,0.54170865
779,brainard20170905a.txt,10.090008480420067,0.20629267,0.6548479
780,brainard20220708a.txt,22.815764539760472,0.15585607,0.52788436
781,powell20171012a.txt,17.748584314309948,0.12844941,0.539867
782,waller20230208a.txt,7.822672651121913,0.341174,0.5930975
783,quarles20180226a.txt,15.2369968855248,0.20906451,0.5591318
784,brainard20171115a.txt,5.004515659374766,0.14258997,0.5205399
785,barr20231002a.txt,23.887966765540227,0.30056107,0.5947091
786,clarida20211130a.txt,15.671979179829426,0.17712718,0.67381215
787,bernanke20120216a.txt,14.048837875072602,0.13020656,0.5352451
788,brainard20161007a.txt,7.917979462808164,0.13907161,0.52406114
789,yellen20161219a.txt,5.755334153681571,0.17683253,0.56363237
790,waller20240624a.txt,1.3411379699066215,0.12117,0.5231615
791,bowman20240403a.txt,20.877226354107687,0.11314212,0.5454346
792,bowman20201119a.txt,17.702211071270025,0.16141656,0.5964975
793,waller20240327a.txt,6.558601527556538,0.30670667,0.58813715
794,waller20220530a.txt,13.127263538200737,0.22546068,0.57081616
795,powell20190206a.txt,0.9443353851638822,0.1354912,0.49665967
796,brainard20180403a.txt,17.949692979210816,0.20579688,0.5674591
797,bowman20231002a.txt,7.668522397422499,0.24759072,0.5724491
798,clarida20181025a.txt,5.422196923338786,0.19335572,0.54540867
799,quarles20180119a.txt,6.136232943193793,0.13768975,0.5218382
800,cook20241010a.txt,9.334853108046595,0.12934875,0.55391437
801,fischer20151104a.txt,18.720692107142952,0.1491513,0.52718675
802,bernanke20140103a.txt,28.148297928462394,0.16289674,0.53317684
803,tarullo20120612a.txt,21.97766071376112,0.12375116,0.5272776
804,barr20240910a.txt,8.157717222541592,0.19745845,0.53880745
805,brainard20170713a.txt,8.355677538717796,0.20812841,0.5487911
806,bowman20240510a.txt,23.773863714782888,0.17745662,0.52386713
807,yellen20120606a.txt,30.721491196999956,0.1663394,0.6387558
808,tarullo20161021a.txt,18.923971378011796,0.11732167,0.52514243
809,duke20120116a.txt,10.471010735222205,0.12782975,0.54808825
810,powell20151020a.txt,5.171486004025147,0.14007017,0.54206055
811,powell20141020a.txt,2.84011792298295,0.13397536,0.526014
812,bowman20240402a.txt,22.378759619894453,0.11570466,0.5162491
813,brainard20151019a.txt,8.52100837328834,0.14169665,0.547064
814,yellen20140416a.txt,13.221498280524887,0.15023473,0.60884446
815,brainard20190510a.txt,16.682937216293027,0.14913167,0.5591603
816,waller20220618a.txt,9.96979119022159,0.25515893,0.60133547
817,bowman20240117a.txt,17.794034807929098,0.14041215,0.53805345
818,bowman20230215a.txt,21.067778053970297,0.12236368,0.5065695
819,bernanke20121001a.txt,15.085268243566267,0.12707715,0.5107469
820,fischer20161009a.txt,4.775849158369733,0.21101692,0.58481604
821,fischer20160927a.txt,6.1145316981464735,0.13548057,0.5175587
822,powell20191007a.txt,4.279245244524095,0.1309632,0.53829265
823,bowman20231107a.txt,25.710169624309,0.12190145,0.49627483
824,yellen20121113a.txt,21.00615379448874,0.14298463,0.525186
825,brainard20230119a.txt,10.259329399835783,0.41242552,0.6648235
826,barr20240117a.txt,9.661273719156386,0.15420507,0.5251349
827,brainard20200813a.txt,5.437860634136021,0.15293217,0.55750334
828,cook20230515a.txt,5.854693993071141,0.1451472,0.5190607
829,fischer20151112a.txt,8.410910563433102,0.106202655,0.51589215
830,cook20240617a.txt,1.6851268565912803,0.13091889,0.51425534
831,bernanke20131113a.txt,3.2678676260969897,0.15487377,0.5372621
832,waller20230120a.txt,7.024275252098873,0.37970537,0.63323915
833,waller20240222a.txt,9.597929623650561,0.2572825,0.574336
834,brainard20200901a.txt,11.349959545301795,0.17359176,0.6279986
835,bowman20240910a.txt,20.193370973302446,0.09775337,0.54068327
836,quarles20211020a.txt,17.932207884091035,0.37568954,0.6028224
837,barr20240510a.txt,5.071700434915093,0.13219874,0.5317852
838,quarles20201020a.txt,13.88757386779437,0.15383147,0.53769994
839,bowman20230805a.txt,1.8170128575128695,0.3307187,0.5907188
840,bowman20191021a.txt,1.2704962526301333,0.1259788,0.5208748
841,bowman20190325a.txt,4.511559192229707,0.13214676,0.5243774
842,waller20230622a.txt,1.5471526206267554,0.11690893,0.5155259
843,cook20231113a.txt,1.932531555765791,0.12652344,0.51104
844,waller20240520a.txt,3.094696417872993,0.1475259,0.5337621
845,duke20130205a.txt,14.620194639697536,0.14206347,0.54760003
846,brainard20190711a.txt,3.991464137569261,0.20413129,0.57310766
847,bernanke20131216a.txt,5.860521299069809,0.13307199,0.5655581
848,waller20211217a.txt,17.040435003567264,0.26248187,0.5739469
849,powell20170706a.txt,19.30681410501838,0.17944814,0.55097526
850,fischer20161121a.txt,8.532853112695912,0.17440005,0.6529631
851,brainard20201015a.txt,11.792047688568058,0.12745295,0.58932084
852,kugler20240518a.txt,3.5300821348374827,0.15430315,0.5302514
853,powell20181206a.txt,5.432284775479075,0.16044089,0.60921174
854,powell20220321a.txt,13.49986950915372,0.54549086,0.6016158
855,bernanke20120807a.txt,1.0154088001951997,0.15620826,0.50705963
856,bowman20210322a.txt,16.986104651333335,0.14103882,0.6548216
857,cook20240504a.txt,5.506942773058725,0.1359141,0.52844745
858,clarida20190530a.txt,5.563832260873094,0.26836878,0.56523675
859,powell20231025a.txt,4.878585393590523,0.13012856,0.5180131
860,clarida20190926a.txt,11.32378079245981,0.18623021,0.5416279
861,fischer20170419a.txt,4.828471342459558,0.16646285,0.56116045
862,yellen20120411a.txt,22.50938149399714,0.14900668,0.6778965
863,clarida20201019a.txt,4.512857936092428,0.13402037,0.6341538
864,brainard20160912a.txt,13.236108578403902,0.11861564,0.53005195
865,yellen20130104a.txt,34.077025934890464,0.14060648,0.5310052
866,bowman20230110a.txt,8.854573245853455,0.2702766,0.56688684
867,duke20121005a.txt,25.388990456736575,0.14771411,0.5917039
868,fischer20160622a.txt,14.894288873027103,0.11090304,0.5196907
869,bowman20240212a.txt,17.423390684445863,0.10841712,0.5045584
870,powell20171005a.txt,7.795454985047748,0.14850348,0.53207767
871,yellen20170825a.txt,32.03954376633938,0.18084826,0.57455516
872,clarida20200521a.txt,8.092581886619364,0.15507865,0.6160896
873,stein20140324a.txt,0.5314038851371056,0.11423807,0.51235676
874,barr20231019a.txt,11.694194686259603,0.12672347,0.53689325
875,yellen20141030a.txt,6.03743512124907,0.14452603,0.5337445
876,bowman20210928a.txt,9.820523985504696,0.10234681,0.5061907
877,powell20150514a.txt,7.101892332801342,0.13103239,0.53491116
878,bowman20191017a.txt,1.781534864892947,0.13888808,0.52516085
879,quarles20190905a.txt,10.799776909904878,0.13692965,0.5414809
880,powell20180525a.txt,10.69365538014182,0.15320347,0.5143714
881,raskin20120106a.txt,18.267792295707707,0.14434503,0.5641132
882,powell20211108a.txt,6.28358820809847,0.13574599,0.5425978
883,bowman20240418a.txt,3.6773562086885234,0.14468817,0.52602696
884,powell20131011a.txt,4.187806992709306,0.21291801,0.59082216
885,brainard20201218a.txt,22.52505755428156,0.17369089,0.5435661
886,clarida20210517a.txt,5.412032833311314,0.17247438,0.51885986
887,bowman20191001a.txt,9.347373338293433,0.119539,0.52222294
888,tarullo20141120a.txt,41.61951007636997,0.13384417,0.5435769
889,fischer20161005a.txt,11.566044380256601,0.1166491,0.62848043
890,clarida20190228a.txt,1.9180022644309422,0.3116391,0.5811192
891,stein20130417a.txt,14.342907137830043,0.14246976,0.5345948
892,bernanke20120831a.txt,22.59884801852327,0.1699141,0.6530318
893,fischer20170706a.txt,15.87877825550473,0.12590604,0.5134462
894,bernanke20130325a.txt,15.269537730267546,0.12736964,0.53198075
895,stein20121011a.txt,14.377265989231107,0.1415273,0.53733605
896,yellen20150924a.txt,37.66126333585171,0.21216851,0.5523484
897,brainard20200921a.txt,10.159063772869995,0.14610322,0.56118256
898,waller20240828a.txt,5.026977965145235,0.14901239,0.5225359
899,barr20240926a.txt,5.91342078623325,0.16319288,0.5527282
900,bowman20240930a.txt,10.567125437895763,0.24709329,0.59795964
901,bernanke20131216b.txt,5.68844698575926,0.124363415,0.5251169
902,stein20130207a.txt,23.276580134233516,0.16611323,0.5172822
903,waller20240717a.txt,12.39412969363892,0.2582599,0.5877377
904,brainard20200521a.txt,1.973176420929932,0.16077088,0.60629725
905,jefferson20241009a.txt,14.061607053366357,0.12083092,0.53873765
906,cook20240508a.txt,14.021126064731947,0.18853709,0.54541713
907,brainard20160226a.txt,9.965243020308804,0.08589778,0.5617956
908,bowman20240926a.txt,10.555399044912113,0.21339169,0.5860402
909,yellen20171015a.txt,4.965261430279183,0.15195349,0.5627326
910,bowman20190411a.txt,9.113303986314298,0.11641393,0.51207536
911,brainard20221010a.txt,8.46837802352627,0.40217423,0.6581406
912,brainard20141202a.txt,4.514435084530401,0.15940128,0.5354466
913,powell20180620a.txt,8.119418572180932,0.31931394,0.6448115
914,waller20230511a.txt,17.852030854760233,0.1361955,0.5215656
915,powell20190509a.txt,2.1680356891157277,0.15823811,0.54811215
916,yellen20171107a.txt,8.237444616322168,0.13576075,0.52459836
