764478
24545
832101
720005
1060391
1732845
1688568
1022079
745732
1002047
1132979
28412
798354
1260221
728535
764622
797468
6951
731766
277135
47111
4962
72207
877212
16918
1278021
1585689
40987
875045
1530721
865752
21076
1002910
1324424
804753
900075
1086222
823768
882184
1281761
1707925
1111928
1035267
1038357
1170010
759944
1041061
354908
764180
1164727
1000697
1140536
878927
316709
74208
1792044
818479
915912
51644
1513761
1070750
34903
1467373
726728
1578845
1300514
1755672
701985
1601712
64040
62996
6201
16732
1043277
936340
92380
7084
19617
1564708
927628
91576
874716
1262039
97745
1058290
109380
318154
40533
1326801
922224
831001
1091667
1336917
91419
1666700
1065696
886982
875320
39911
920522
1136893
1633917
936468
319201
1590955
73309
793952
100517
1039684
1065280
783325
66740
75677
922864
811156
35527
352541
1534701
80424
1681459
1067983
874761
1501585
895421
1101239
906163
815097
1130310
1413329
753308
1018724
1174922
1359841
1045810
87347
713676
106040
1000228
915389
45012
789570
8670
1297996
1551152
1035002
946581
769397
882095
38777
1374310
1267238
1109357
1063761
8818
2969
1121788
75362
1138118
27904
874766
1324404
883241
1035443
79879
100493
34088
78003
101778
858877
18926
1013462
879169
96943
1524472
1555280
1478242
1137789
882835
813672
4447
1385157
354190
354950
1652044
1396009
1645590
899051
91440
5272
1099800
1024478
804328
831001
1141391
1012100
1133421
1067701
62709
315293
64803
1075531
46080
1579241
916076
743316
70858
1047122
36270
1410636
788784
320193
1285785
899689
721371
4127
916365
91142
84839
879101
1403161
1175454
1601046
4281
1770450
1521332
1020569
723531
1283699
827052
21344
1608109
1585364
912595
1097149
1001250
59478
1613103
1101215
89800
765880
1308161
1108524
1166691
51434
1751788
18230
915913
78239
76334
10456
49196
1800
73124
1031296
723125
927066
1308161
1103982
1393311
1571949
719739
1679273
1510295
1383312
1053507
72903
55067
908255
1492633
24741
1156039
1358071
1037868
906107
21665
885725
732712
60086
1123360
93556
1110803
858470
320335
1539838
1163165
29534
1744489
93410
1335258
217346
14272
203527
26172
1095073
859737
766421
98246
200406
1032208
822416
1596532
815094
12659
827054
1437107
47217
1390777
52988
1037646
1378946
33185
1136869
1341439
2488
1402057
820027
1365135
32604
1757898
72971
732717
1598014
6281
749251
1711269
1065088
96021
72741
101829
1519751
1040971
1116132
1048911
910606
711404
4904
1326160
315213
51143
1841666
107263
36104
50863
723254
1408198
1126328
794367
849399
313616
60667
1111711
1047862
1336920
97476
766704
1637459
1156375
1289490
68505
55785
814453
1489393
352915
851968
820313
63908
315189
746515
58492
65984
103379
1403568
885639
40704
718877
1024305
1051470
898173
1748790
1014473
1058090
77476
877890
1915657
5513
1336917
1045609
1137774
1099219
1113169
866787
1652044
895441
1037540
46765
202058
1730168
715957
1373715
1418091
1551182
80661
30625
1090727
92230
783280
320187
40545
914208
63754
1393612
1466258
104169
1306830
927653
109198
731802
10795
1071739
106640
707549
896878
1048695
1048286
773840
1140859
884887
935703
313927
54480
872589
37785
48465
31462
1021860
1799208
899866
712515
1090012
72333
4977
940944
821189
1013871
29905
1506307
789019
310764
743988
896159
11544
23217
1754301
1604778
27419
37996
831259
56873
920760
1037038
1364742
1034054
1015780
1467858
20286
1618921
815556
14693
920148
1050915
1701605
1739940
59558
77360
49826
1090872
909832
92122
829224
1120193
860730
1043604
943452
1060009
9389
779152
1699150
51253
100885
31791
796343
277948
943819
12927
106535
702165
1158449
310158
1442145
813828
1001082
1659166
29989
93751
