711404
1633917
1336920
1111711
1032208
87347
1841666
91576
745732
1551182
1652044
91142
732712
106040
766704
107263
1053507
732717
865752
36104
354190
354950
38777
1097864
34088
1086222
715957
72971
1274494
1739940
936340
277948
76334
1145197
1283699
1364742
1057352
320335
105770
27904
79282
26172
1060391
109198
1370637
815556
701985
51253
1383312
277135
1099219
702165
1688568
1058290
80661
106535
1637459
1393311
10795
89800
10456
789570
93751
14693
313616
40545
310764
766421
1335258
1575189
1701605
1571949
1048286
4447
815097
1035267
1050915
1659166
51644
920148
2969
1038357
764622
1326160
1014473
796343
820027
1110803
832101
818479
316709
1100682
29989
92230
5272
1141391
765880
84839
97476
36270
1281761
895421
797468
1645590
63754
823768
1260221
40533
720005
318154
16918
35527
100517
1012100
62996
731802
827052
831001
1058090
48465
764478
31462
73309
31791
21076
1094285
9389
789019
1730168
895441
1048695
1090727
1090012
320187
72331
1799208
707549
1113169
4977
1596783
73124
19617
34903
319201
1601712
773840
92380
352541
96021
7084
731766
75677
1070750
6951
100885
49826
1596532
849399
1996862
1004980
1467373
1013462
59478
1783180
1002047
37785
1103982
1001250
21665
1551152
29534
1136869
1000697
1748790
1013237
1755672
874766
1140536
1067983
18230
1308161
1020569
1751788
1513761
1442145
1555280
4962
40987
1585689
1601046
1048911
1403568
103379
6281
63908
813672
1065088
93410
814453
93556
101778
2488
72741
60667
814547
1051470
1385157
12208
49196
746515
723531
728535
315293
91419
1396009
1393612
1419612
1047862
1781335
1408198
1590955
320193
24545
886982
798354
1590895
74208
4127
1410636
50863
70858
62709
1075531
831001
1579241
1403161
1608109
1613103
8670
1045810
21344
91440
1413329
8818
1099800
713676
1318605
75362
96943
759944
1679273
97745
842023
749251
1101239
1034054
820313
910606
906163
78003
1123360
879169
1174922
1130310
1109357
1478242
915389
1374310
1524472
1063761
51434
1166691
1035443
101829
104169
912595
915913
721371
1521332
946581
718877
55785
32604
352915
315213
1037540
898173
310158
1725057
1501585
1868275
66740
1065696
884887
1604778
922224
79879
916076
11544
899051
1137789
1097149
920760
906345
24741
908255
1510295
1018724
1156375
906107
200406
27419
1179929
68505
916365
1024478
940944
1158449
77476
80424
943452
1043604
1001082
1373715
943819
1618921
1682852
1126328
831259
947484
14272
92122
23217
1095073
77360
315189
1156039
927066
1754301
945841
1000228
1539838
1002910
12927
1326801
1140859
914208
1352010
1170010
764180
915912
1732845
1418135
1463101
936468
1065280
920522
1821825
1022079
6201
900075
1707925
1534701
1800
1474735
927628
1071739
1022671
59558
927653
1792044
109380
935703
1137774
1136893
726728
1267238
1164727
1437107
202058
46080
1116132
1467858
866787
106640
56873
1306830
872589
16732
1341439
1300514
1045609
864749
874716
1280452
909832
779152
874761
1278021
28412
1699150
875320
877212
1466258
723125
1564708
875045
1039684
878927
1037646
813828
896159
1324404
47217
1262039
1060009
821189
55067
33185
1308161
1091667
1324424
1067701
712515
1120193
857005
1687229
858877
1744489
1489393
52988
858470
769397
859737
860731
29905
47111
1093557
37996
60086
1132979
1413447
860730
1757898
1108524
788784
40704
882184
723254
822416
1037868
217346
829224
1138118
100493
1932393
783325
20286
1506307
313927
811156
1037038
1163165
1013871
896878
1031296
64040
1090872
827054
1285785
1121788
45012
1705696
885725
1286681
1133421
1043277
804328
4281
1175454
1297996
1041061
1390777
882095
1389170
753308
1652044
1402057
33213
879101
4904
851968
64803
65984
1035002
1289490
72903
97210
1711269
883241
882835
1666700
51143
