12208
320335
1757898
105770
1385157
1437107
1390777
815094
10456
858470
1744489
1286681
1754301
908255
203527
1095073
711404
1053507
1679273
822416
1688568
859737
719739
1510295
766421
783280
78239
60667
1137789
728535
79879
55785
313616
1031296
1396009
60086
723531
1103982
1018724
945841
4447
1108524
1060009
91142
52988
11544
1116132
1037646
27904
865752
927066
899051
45012
1571949
49196
723125
1138118
315189
1598014
1156039
14272
1341439
24741
909832
1050915
310764
200406
72903
1038357
55067
1336920
743988
33185
814453
23217
1374310
820313
1659166
40704
712515
789019
59558
93410
851968
40545
352915
766704
943819
1163165
63908
1489393
63754
29534
827054
29905
1267238
1335258
1034054
1701605
1111711
93556
64040
1126328
860731
1037868
1051470
104169
37785
27419
746515
885725
1555280
1618921
906107
14693
2488
100493
77360
1467858
732712
1123360
831259
1156375
1047862
788784
1474735
315213
759944
1463101
277948
804753
24545
895421
769397
1002910
797468
1402057
900075
827052
701985
1022079
875045
915912
59478
823768
1707925
798354
1035267
1318605
21076
1170010
1132979
1041061
74208
720005
764478
1326160
1732845
58492
875320
764180
1070750
70858
36270
920760
743316
721371
877890
1285785
1281761
4962
310158
877212
1666700
921738
1585689
40987
936340
1410636
50863
1037038
1260221
28412
879101
832101
916365
4127
1164727
878927
829224
66740
91576
1418091
1014473
1110803
1633917
815097
1539838
1020569
1370637
1013462
1000228
783325
18230
818479
745732
80661
922224
1590955
882184
51644
1551152
354908
320193
858877
1841666
1090872
1501585
764622
315293
1781335
91419
896159
31791
811156
860730
715957
1111928
1037540
1551182
54480
1393612
1467373
1308161
815556
1652044
97745
1002047
874766
884887
1324424
723254
899866
1506307
47111
1140536
1065696
920148
1492633
899689
10795
1755672
2969
1596532
1099800
34903
831001
1748790
1601046
927628
91440
1262039
1063761
51253
874716
1043277
19617
1097149
1297996
5272
109380
731802
277135
1336917
1308161
4281
21344
92380
1058290
1585364
6201
1045810
16732
8670
789570
1174922
753308
96021
106535
1071739
1048286
80424
1645590
821189
927653
713676
1413447
1306830
1300514
38777
1739940
73124
40533
946581
1413329
898173
773840
106040
1324404
882095
1800
1109357
915389
1086222
1534701
89800
915913
1283699
1141391
319201
64803
1091667
1403161
804328
73309
831001
936468
1278021
1521332
1590895
1065280
886982
731766
896878
318154
62709
920522
16918
84839
1060391
916076
39911
1075531
49826
1133421
6951
75677
1090012
1136893
912595
726728
1035002
1067701
109198
1000697
62996
1513761
1166691
1024478
1604778
874761
1175454
765880
100517
1012100
316709
217346
352541
1601712
820027
1608109
1280452
35527
1039684
313927
7084
51434
8818
1613103
1564708
943452
732717
1067983
779152
1120193
749251
1711269
37996
20286
895441
1373715
87347
849399
6281
101829
51143
29989
92230
1032208
1065088
1048911
320187
1045609
107263
910606
1751788
1478242
202058
940944
1035443
1383312
9389
707549
97476
56873
1093557
97210
1365135
796343
93751
32604
65984
1043604
103379
1001082
92122
26172
1136869
100885
1289490
718877
68505
12927
864749
46080
1519751
72971
1403568
1158449
101778
813828
1730168
1442145
813672
879169
1792044
1013871
1121788
1326801
1524472
1378946
96943
1021860
935703
702165
1783180
882835
872589
1113169
1364742
21665
1099219
75362
4977
1130310
1652044
1048695
1336917
1699150
354950
48465
354190
31462
106640
1137774
1101239
1001250
906163
1637459
5513
883241
47217
72741
76334
1090727
1408198
1915657
1140859
1094285
866787
1579241
36104
18926
1393311
1799208
1058090
77476
1359841
34088
1466258
4904
1596783
78003
914208
