32604
1090872
718877
773840
749251
92380
319201
1555280
1101239
352915
101829
1519751
1601712
1156375
1103982
352541
820313
200406
7084
731766
906107
1510295
55785
75677
1585689
1467373
1123360
1652044
1478242
51434
909832
908255
912595
1090727
1166691
1013237
1063761
1048695
1524472
915389
946581
4977
1113169
707549
34903
1002047
1109357
1130310
1174922
21665
73124
879169
78003
906163
19617
874766
1035443
910606
1474735
24741
1138118
1137789
827054
1031296
1013871
1781335
759944
1288784
50863
896878
811156
860730
1539838
1037540
313927
1410636
1725057
20286
1163165
1506307
70858
64040
1000228
804753
62709
783325
100493
217346
764180
1136869
1075531
886982
4127
74208
1179929
899051
79879
1018724
46080
922224
1751788
1070750
66740
1065696
884887
1097149
4962
896159
40987
1868275
97210
310158
1501585
1755672
24545
898173
1604778
798354
21076
68505
11544
1267238
1590895
1596783
1326801
915913
723125
865752
38777
91142
1053507
34088
1645590
354950
354190
711404
36104
1100682
1158449
1111711
107263
732717
97476
766704
732712
72971
1373715
719739
1336920
1390777
1001250
940944
12927
106040
5272
789570
1141391
73309
831001
720005
764478
92122
1393311
318154
1035267
715957
1575189
10795
797468
823768
29534
895421
943452
91576
1551182
745732
1094285
1281761
36270
84839
1633917
765880
1841666
1012100
89800
827052
1140859
914208
822416
936468
1065280
100885
1707925
1463101
921738
1732845
9389
789019
1730168
37785
915912
1022079
1748790
895441
1170010
1596532
1352010
900075
916365
916076
320187
72331
1799208
1783180
721371
1521332
1090012
1164727
1024478
1043604
1821825
1137774
315213
935703
27419
1067983
1034054
1682852
77476
1792044
80424
927653
1800
1308161
920522
104169
59478
23217
59558
877890
927628
1534701
109380
1136893
726728
1374310
49826
6201
1442145
1071739
1403161
1260221
829224
842023
31791
1413447
849399
10456
820027
1060391
52988
832101
1326160
277948
76334
14272
1067701
63754
1308161
1378946
796343
320335
1283699
313616
764622
783280
1038357
2969
105770
1679273
1324404
97745
47217
1060009
1396009
1037646
746515
1754301
723531
728535
1437107
1489393
858877
60086
1419612
1095073
315293
1336917
857005
1418091
1324424
712515
818479
91419
55067
1091667
821189
1370637
51644
1590955
769397
1393612
47111
920148
1000697
79282
51253
29989
1637459
92230
1336917
1262039
31462
87347
48465
1058090
943819
702165
40533
93751
1688568
831001
731802
80661
1111928
1001082
62996
35527
106535
1032208
100517
1318605
93410
72741
1048286
858470
1618921
936340
27904
316709
899689
26172
1014473
1110803
815097
4447
1126328
109198
815094
1099219
1571949
1383312
1659166
815556
1058290
831259
766421
1701605
320193
1335258
40545
310764
1050915
701985
33185
14693
1739940
1744489
1037038
860731
713676
8818
945841
96021
4904
882835
920760
1601046
64803
75362
1579241
753308
1652044
882095
1035002
96943
18230
4281
1297996
1175454
804328
18926
1133421
813672
1408198
879101
1002910
859737
51143
1711269
1289490
1608109
1513761
1492633
723254
882184
788784
1613103
8670
1108524
1757898
45012
1286681
1140536
16918
885725
91440
78239
72903
851968
1121788
1099800
1045810
1013462
40704
65984
21344
1413329
1341439
1037868
927066
883241
1065088
779152
2488
1699150
872589
106640
866787
1551152
77360
1051470
202058
1045609
6951
1047862
1564708
93556
1120193
813828
1116132
60667
56873
37996
1086222
12208
1385157
1093557
1467858
49196
1285785
864749
277135
29905
1020569
1132979
878927
875045
1041061
1402057
1048911
1403568
814453
28412
877212
1666700
103379
1364742
875320
315189
1280452
1278021
1466258
1306830
16732
63908
874716
1043277
101778
1039684
874761
1156039
6281
1300514
