916365
900075
1170010
1164727
915912
1463101
920522
921738
936468
1065280
1821825
726728
1732845
721371
1467373
1521332
915913
51434
1166691
912595
1063761
1109357
915389
1130310
1174922
1524472
879169
78003
916076
1534701
1539838
927628
906163
1000228
945841
1156039
927066
315189
77360
1095073
14272
1126328
831259
1618921
943819
6201
1001082
1158449
943452
1373715
940944
1140859
914208
1137774
1792044
1326801
935703
927653
1800
1071739
12927
1101239
1013871
749251
313927
20286
1506307
783325
100493
1138118
217346
829224
723254
1492633
882184
788784
1108524
45012
1757898
1286681
885725
72903
851968
65984
1289490
1711269
51143
33185
883241
4904
882835
1341439
860730
811156
896878
1519751
718877
32604
352915
200406
1156375
97210
906107
24741
1510295
908255
1137789
79879
910606
899051
922224
66740
1065696
54480
884887
310158
1501585
898173
68505
1267238
896159
1031296
827054
1474735
1002047
1652044
37785
1032208
1633917
865752
1100682
1053507
97476
87347
1645590
1012100
827052
1035267
764478
318154
59478
1048286
1336917
1659166
1050915
1110803
1014473
1679273
1308161
1067701
769397
47111
1116132
1037646
1058290
1637459
1099219
1060391
6951
1094285
93410
909832
1598014
1034054
1043604
1596783
1090727
1048695
1601712
75677
1590895
56873
1585689
759944
1075531
1601046
1099800
1045810
1579241
1065088
101778
746515
1051470
1396009
1418091
1370637
886982
779152
1045609
1699150
1136893
46080
109380
80424
77476
1021860
92122
1754301
1103982
1013462
1555280
1067983
1308161
1022079
1751788
18230
1140536
899866
1755672
1513761
874766
1748790
877890
1136869
1000697
21665
1551152
1001250
1020569
1783180
1707925
1024478
1564708
1043277
1666700
63754
1041061
1402057
1374310
1035002
64803
1121788
40704
1037868
78239
764180
1037038
1163165
1037540
11544
1604778
1097149
1018724
55785
1123360
820313
101829
1478242
1035443
946581
64040
753308
1596532
1297996
818479
315293
728535
723531
49196
1385157
12208
60667
93556
1047862
2488
814453
63908
58492
103379
6281
1403568
1048911
72741
1408198
18926
96943
813672
75362
8818
277135
713676
91419
97745
1393612
31791
91142
1841666
745732
91576
10795
1551182
715957
1393311
106535
1111928
80661
1688568
96021
1413329
1383312
51253
936340
701985
109198
1739940
26172
27904
105770
1283699
815556
320335
76334
277948
702165
8670
91440
21344
320187
895441
1730168
9389
100885
1442145
49826
789019
59558
23217
104169
27419
29534
1799208
315213
1390777
52988
723125
313616
51644
1086222
1652044
882095
1590955
1364742
320193
1090872
1090012
822416
711404
1113169
707549
1613103
1608109
1403161
831001
62709
70858
4127
1410636
50863
804753
74208
21076
798354
4977
24545
4962
1070750
39911
731766
7084
352541
319201
92380
19617
34903
773840
73124
40987
719739
1781335
732712
1093557
743988
29905
1467858
860731
1318605
859737
1744489
1437107
858470
1489393
858877
60086
857005
1324424
712515
55067
1091667
821189
1060009
47217
1324404
849399
10456
820027
832101
1326160
864749
1120193
37996
202058
1111711
1585364
4281
1175454
804328
1133421
1285785
879101
1002910
1132979
878927
920760
875045
1413447
28412
875320
1278021
1039684
1280452
874761
1300514
874716
16732
1306830
872589
106640
1466258
866787
877212
1378946
813828
764622
16918
1260221
720005
797468
823768
895421
1262039
1281761
743316
36270
84839
1141391
89800
73309
5272
106040
38777
354950
354190
1359841
34088
36104
107263
732717
72971
1365135
766704
796343
789570
35527
765880
1336920
100517
1038357
2969
1336917
920148
316709
899689
815097
4447
1571949
815094
766421
1335258
1701605
783280
14693
310764
731802
831001
40533
1058090
48465
62996
5513
92230
29989
93751
40545
31462
