1000228
33213
749251
1043277
2488
1757898
5272
822416
21665
1037540
882095
1521332
65984
769397
1571949
1370637
1020569
1099219
20286
1596783
858470
50863
1324424
865752
68505
24741
92380
1067701
32604
1090012
1596532
320193
1086222
1701605
104169
29905
26172
29989
882184
1336920
1095073
55067
823768
860731
1091667
64803
1688568
1267238
1140536
1070750
34903
935703
109198
916365
1579241
1868275
726728
702165
859737
23217
103379
1383312
874761
1048286
75677
916076
1297996
1744489
12208
851968
1510295
701985
1141391
1739940
879101
60086
59558
4962
100885
1652044
51253
858877
711404
52988
1410636
12927
898173
1687229
1262039
75362
857005
1058090
310158
1278021
946581
1393612
315213
51434
72903
915389
783325
1645590
6951
1608109
217346
1164727
1300514
1725057
712515
1996862
1111711
874766
788784
1075531
1501585
1002047
352915
1489393
1403568
1466258
815556
40987
49196
1000697
63754
821189
73309
1679273
73124
831001
864749
1799208
1065696
1601046
1013462
18230
883241
78003
842023
746515
36104
93556
1390777
1108524
9389
1326801
1352010
1109357
720005
1286681
1175454
940944
1174922
1393311
320335
1932393
1652044
109380
1051470
1755672
1467858
731802
849399
718877
1341439
936340
1524472
1094285
811156
1604778
1707925
1633917
1283699
1103982
860730
1385157
1335258
1413447
1170010
202058
874716
723254
45012
1730168
915913
1564708
1324404
723125
813828
59478
66740
1048911
1001250
1037038
315189
47111
1260221
1060009
920522
1093557
1060391
1065088
896159
885725
1133421
1130310
51143
1308161
943819
1364742
1024478
936468
1065280
1121788
927066
79282
1156039
1004980
1289490
1590955
920760
1374310
721371
1037646
1682852
105770
1126328
1754301
1437107
1590895
1711269
1120193
895441
106535
37996
789570
1575189
6281
21076
829224
1043604
1090872
31462
80661
313927
27904
1035002
1067983
707549
47217
797468
1058290
27419
16732
1163165
1308161
818479
77360
89800
79879
1013871
97210
804328
40545
796343
723531
1140859
80424
1318605
1442145
60667
912595
872589
773840
277948
16918
879169
813672
72741
1022671
1138118
814547
354950
11544
92230
1419612
8670
1539838
1513761
789019
1069183
51644
764180
798354
70858
46080
4127
715957
48465
914208
1014473
92122
19617
320187
1637459
1053507
1463101
1326160
827052
4904
878927
896878
101829
1022079
1506307
820027
831259
106640
24545
7084
732712
101778
10456
40533
6201
866787
882835
96021
827054
318154
1116132
713676
1123360
10795
1705696
1039684
731766
63908
766421
779152
38777
1145197
884887
64040
1699150
1601712
1274494
1090727
1037868
76334
1396009
908255
1306830
945841
56873
100493
922224
900075
814453
33185
91419
87347
354190
1110803
1031296
1467373
1285785
310764
1751788
1666700
1057352
927628
832101
1534701
72971
62709
1613103
77476
1551182
1013237
93751
84839
728535
1618921
877212
14272
1402057
1012100
1063761
910606
899051
1071739
1097149
1099800
1034054
1408198
97476
1585689
1555280
34088
316709
107263
875320
1158449
36270
1327567
1281761
1551152
8818
764478
72331
875045
906163
62996
1035443
1100682
1156375
1373715
1041061
906345
313616
49826
1018724
1732845
1047862
1136869
895421
1050915
4977
1101239
820313
1032208
91142
1113169
765880
96943
815097
1097864
74208
319201
4447
1137774
21344
1781335
732717
1659166
927653
1821825
277135
1002910
1166691
1035267
1783180
764622
831001
1045609
97745
100517
1045810
35527
1179929
1403161
40704
745732
4281
915912
753308
1038357
106040
1137789
31791
93410
886982
29534
943452
91440
352541
1478242
1792044
766704
759944
1413329
1280452
920148
14693
315293
1841666
1389170
906107
947484
28412
1474735
200406
2969
1800
1048695
1418135
909832
1136893
55785
91576
1748790
37785
