1341439
883241
882835
1707925
4904
1094285
1755672
1099800
1022079
1041061
753308
1043604
1711269
72903
1289490
49826
21344
1035002
64803
6201
91440
8670
14272
315213
65984
851968
29534
51143
1413329
920522
1596532
1285785
1002910
1013462
813672
879101
1133421
1463101
18926
96943
1065280
804328
822416
936468
1043277
1666700
1601046
1045810
1175454
1297996
1821825
75362
8818
1140536
4281
882095
1652044
1402057
713676
874766
1163165
1608109
50863
4127
1410636
1374310
100493
783325
877890
1506307
20286
313927
811156
1748790
74208
759944
21076
896878
1037038
1095073
1590895
886982
927653
64040
860730
1000228
1555280
1288784
27419
1132979
320193
1613103
1800
1705696
726728
885725
40704
1403161
1013237
1286681
1121788
1075531
927066
45012
1757898
1108524
788784
920760
882184
831001
62709
927628
723254
1492633
78239
217346
1071739
70858
1037868
829224
97210
1138118
1534701
1564708
864749
1408198
858877
916365
723531
49196
900075
1489393
858470
1744489
1364742
859737
860731
1352010
746515
1442145
769397
1751788
1396009
1051470
1618921
47111
29905
1590955
1385157
1170010
1467858
1093557
37996
60086
1067701
857005
946581
104169
849399
1014473
91419
1393612
1679273
723125
1413447
23217
1419612
1103982
842023
1324404
813828
47217
9389
818479
821189
1682852
1091667
1308161
55067
712515
100885
315189
1324424
315293
728535
1060009
1164727
12208
1120193
1699150
1039684
874761
1754301
6281
103379
1126328
779152
1280452
277135
1403568
1732845
33185
1045609
1278021
875320
921738
1048911
72741
92122
877212
28412
63754
1579241
1308161
875045
878927
909832
96021
1067983
18230
814453
915912
60667
93556
764180
1037646
56873
1390777
1116132
831259
1047862
1513761
202058
866787
63908
59478
106640
872589
1024478
1090012
1466258
1306830
1783180
101778
1065088
1020569
16732
874716
1300514
2488
10456
798354
1013871
93410
320187
702165
51253
1063761
1012100
827052
1383312
895441
731802
1652044
831001
40533
37785
1099219
1575189
1058090
1166691
936340
48465
31462
59558
701985
92230
1035267
29989
1035443
62996
35527
100517
1001250
915389
1100682
789570
1141391
89800
765880
84839
1478242
1393311
106535
36270
1281761
1645590
93751
1781335
1058290
72331
895421
823768
1260221
46080
797468
720005
73309
16918
1524472
80661
1688568
1637459
715957
77476
109198
1659166
1521332
320335
76334
721371
920148
2969
1038357
783280
764622
943819
1370637
796343
1326160
789019
277948
31791
916076
1110803
313616
820027
832101
945841
97745
1418091
1596783
1002047
1050915
316709
899689
1418135
1090727
14693
310764
1060391
51434
318154
40545
912595
764478
26172
1474735
1335258
1262039
1739940
27904
1701605
766421
1571949
815094
1001082
79282
52988
1048286
4447
815097
915913
105770
1283699
1730168
1109357
815556
97476
79879
1000697
7084
899051
1097149
21665
352541
319201
1539838
1034054
1179929
1137789
906345
922224
1140859
908255
109380
773840
92380
906107
1510295
1090872
1156375
200406
1136869
1601712
77360
34903
24741
19617
75677
1604778
5272
1792044
1031296
827054
896159
1725057
1267238
935703
24545
40987
1326801
1437107
68505
1467373
898173
1136893
4962
1070750
1137774
1501585
310158
731766
914208
1868275
11544
884887
1065696
66740
1037540
80424
1585689
10795
711404
1113169
719739
865752
879169
91142
1841666
1158449
107263
36104
745732
354190
1097864
6951
354950
1174922
87347
1799208
34088
38777
943452
1551182
106040
1053507
1130310
91576
352915
1551152
1318605
4977
766704
732717
55785
32604
12927
73124
707549
940944
718877
1373715
1519751
1101239
1048695
1156039
910606
749251
1018724
906163
78003
1086222
1336920
732712
1123360
72971
1633917
101829
1111711
51644
820313
1032208
