1121788
75362
1652044
354950
354190
2969
1524472
882835
1478242
96943
879169
18926
813672
1130310
1374310
8818
753308
1174922
1413329
1359841
713676
106040
915389
1045810
38777
1035002
946581
8670
1645590
101778
1403568
87347
882095
1365135
1519751
32604
72971
732717
6281
1711269
849399
749251
1040971
101829
1408198
34088
1065088
910606
107263
4904
72741
1101239
51143
36104
906163
1035443
1579241
1326160
883241
78003
1048911
789570
804328
1094285
1075531
84839
743316
916076
70858
1067701
36270
721371
1285785
1410636
4127
916365
50863
832101
879101
895421
804753
1002910
21076
900075
823768
1281761
1707925
759944
1035267
1041061
764180
62709
1133421
1012100
1141391
1297996
769397
1063761
91440
5272
1601046
4281
1521332
21344
1308161
1585364
1001250
827052
1109357
912595
89800
765880
1166691
51434
1608109
1099800
320193
915913
1024478
1175454
1403161
64803
831001
1613103
718877
1164727
103379
715957
31791
1551182
1067983
54480
1393612
1418091
884887
10795
723254
97745
1262039
91576
46080
64040
91419
1065696
66740
1492633
1633917
1755672
72207
728535
818479
745732
882184
1551152
829224
106535
712515
310158
1283699
1506307
105770
1090872
896159
1652044
11544
1138118
1783180
1501585
1111928
1267238
100493
865752
1097149
1393311
320335
1060391
815556
1032208
217346
898173
59478
1037038
1099219
33185
1604778
277948
68505
10456
354908
922224
1051470
1358071
906107
55067
885725
732712
2488
1123360
1156375
200406
1402057
1047862
1111711
24741
1336920
746515
766704
1289490
820027
814453
352915
851968
820313
97476
63908
1748790
58492
65984
96021
40704
72903
1510295
91142
788784
315293
1108524
723531
78239
49196
874766
899051
1018724
45012
1396009
1681459
1053507
1137789
1286681
1841666
1385157
12208
1757898
885639
711404
60667
1037868
908255
719739
55785
93556
79879
878927
920760
6951
1050915
1701605
104169
1126328
860731
1136869
29534
1335258
14272
766421
93410
1596532
859737
98246
1095073
1744489
203527
822416
815094
12659
1437107
1390777
1037646
52988
1539838
858470
1110803
14693
1618921
1034054
1467858
9389
1093557
100885
29989
1001082
813828
93751
1442145
12927
1659166
1364742
943819
56873
723125
49826
59558
789019
29905
77360
743988
310764
1060009
23217
1754301
27419
831259
1015780
1378946
40545
927066
1103982
1116132
1037540
811156
701985
899866
1058290
936340
109198
896878
313927
1014473
860730
51253
702165
1163165
1739940
20286
1590955
26172
1751788
827054
1637459
1383312
27904
1688568
76334
783325
1031296
80661
1013871
779152
47111
1002047
1156039
1571949
1679273
60086
1324404
313616
1598014
315189
1489393
315213
51644
858877
4447
1467373
815097
1013462
1020569
1024305
920148
1341439
18230
1781335
764622
899689
1308161
1324424
1140536
316709
1000228
1158449
74208
943452
920522
936468
73309
319201
1065280
1039684
1091667
75677
318154
922864
352541
35527
80424
1601712
874761
7084
100517
1336917
726728
1136893
1300514
1534701
62996
47217
6201
92380
16732
16918
875320
39911
886982
1132979
277135
1792044
915912
1086222
798354
1170010
875045
1585689
720005
1022079
1732845
1513761
1043277
28412
24545
764478
797468
40987
1555280
1260221
731766
63754
4962
877212
1278021
1070750
1666700
1000697
19617
1038357
1770450
1137774
909832
1466258
1140859
1336917
1058090
77476
1915657
5513
1113169
866787
37785
1799208
202058
1045609
1373715
1090727
30625
92230
320187
940944
37996
895441
92122
1120193
783280
1043604
1730168
31462
914208
1021860
48465
874716
21665
831001
927628
109380
821189
34903
1800
40533
773840
73124
1306830
731802
1564708
1071739
927653
796343
935703
877890
1699150
4977
872589
1048695
1090012
707549
106640
1048286
1326801
