4977
1633917
1336920
101829
1032208
59558
72971
1111711
766704
711404
820313
732712
104169
32604
1048695
910606
1156039
1101239
1519751
1551152
1596783
749251
1136869
707549
718877
77360
732717
940944
91142
10795
1373715
352915
5272
93410
1100682
1174922
879169
715957
89800
106040
1053507
91576
87347
38777
1113169
34088
354950
1551182
1097864
78003
745732
906163
354190
36104
1841666
1123360
107263
719739
865752
1158449
55785
79879
73124
1095073
66740
884887
320193
1065696
914208
7084
11544
1000697
731766
1868275
1070750
310158
1501585
1137774
898173
1034054
1725057
1037540
1136893
4962
40987
68505
1002047
1437107
1748790
1267238
75677
922224
1604778
63754
19617
80424
1018724
200406
1601712
21665
1156375
906107
927066
1510295
34903
908255
109380
1043604
773840
24741
906345
12927
92380
1326801
1137789
319201
1179929
1097149
1374310
899051
1140859
352541
6951
1000228
24545
1141391
1262039
912595
1057352
1048286
105770
4447
815094
943452
79282
1090012
1571949
27904
1701605
26172
766421
1335258
40545
1035443
1575189
1090727
1318605
764478
1060391
51434
318154
52988
310764
895441
815097
899689
1283699
1001082
97745
820027
31791
1110803
1521332
1014473
1326160
796343
789019
277948
721371
783280
1090872
915913
764622
1038357
1418135
1652044
76334
2969
920148
316709
1659166
1730168
320335
1050915
1103982
1370637
109198
14693
93751
80661
73309
720005
1478242
106535
1086222
1467373
1260221
823768
72331
1058290
1799208
797468
16918
895421
1109357
1637459
1281761
1001250
36270
84839
765880
97476
1130310
1393311
936340
10456
29534
1645590
789570
100517
320187
1166691
313616
1035267
1063761
815556
29989
92230
1739940
31462
315189
701985
48465
1524472
35527
1383312
40533
831001
1099219
731802
51644
827052
915389
51253
1012100
702165
77476
62996
1688568
1058090
896159
1408198
860730
1618921
16732
1306830
1466258
764180
101778
33185
872589
23217
814453
106640
866787
1467858
1732845
2488
915912
1116132
1781335
1047862
56873
1513761
93556
1474735
1037646
1751788
202058
864749
1065088
874716
1300514
1020569
1065280
878927
1564708
936468
1579241
875045
1463101
72741
28412
877212
875320
1048911
1403568
60667
97210
874761
103379
779152
1308161
1280452
6281
1699150
63908
1045609
909832
1039684
1024478
1094285
1278021
1132979
1120193
1164727
712515
315293
100885
91419
1308161
943819
55067
1091667
821189
277135
1060009
818479
946581
47217
1393612
1324404
842023
916076
1413447
849399
1419612
1679273
1364742
9389
1418091
832101
1013462
1324424
1396009
1067701
916365
12208
37996
1385157
1093557
1051470
29905
860731
47111
1170010
769397
1390777
1352010
859737
813828
746515
49196
1744489
1489393
900075
858877
723531
59478
60086
857005
723125
1687229
49826
728535
858470
1285785
1682852
1002910
1705696
759944
1590955
1442145
1138118
829224
50863
1037868
27419
315213
70858
1071739
927628
217346
1492633
62709
723254
882184
1013237
831001
1534701
788784
1108524
1757898
1783180
1075531
1121788
1800
100493
783325
1410636
813672
1596532
1585689
935703
1031296
64040
46080
798354
1163165
21076
945841
1013871
896878
14272
1555280
1288784
886982
1792044
1037038
927653
1590895
811156
74208
313927
4127
20286
1506307
92122
920760
1403161
827054
726728
1099800
1402057
6201
753308
713676
18230
1652044
882095
831259
8818
1041061
1821825
920522
1022079
4281
1175454
75362
804328
1601046
1754301
1043277
96943
1341439
1133421
879101
1067983
18926
45012
1297996
1666700
37785
4904
822416
40704
1608109
1286681
885725
1755672
72903
851968
1613103
8670
64803
91440
874766
1539838
96021
1035002
1126328
882835
1413329
883241
1711269
1140536
1045810
51143
1289490
65984
1707925
21344
