50863
27904
1618921
1539838
12927
899689
811156
1410636
1590955
1037540
759944
896878
320193
896159
1013871
1374310
827054
1755672
1031296
1014473
804753
943452
11544
74208
33185
1267238
711404
1645590
4127
829224
313927
21076
1035267
1403161
1336917
1359841
1037038
1138118
831001
1000228
1099219
217346
100493
62709
860730
79282
783325
1506307
64040
354190
920148
1163165
1075531
354950
1725057
16918
316709
70858
20286
62996
26172
200406
898173
789570
1137789
79879
97210
815094
908255
5272
1467373
1585689
1652044
55785
24741
1510295
886982
1739940
906107
1590895
75677
1002047
766421
1262039
1156375
1111928
1123360
7084
59478
820313
1341439
865752
68505
1571949
731766
1053507
1110803
1604778
798354
1501585
24545
815556
310158
40987
884887
1781335
1097149
38777
899051
815097
1070750
1065696
1513761
4447
66740
106040
715957
922224
54480
35527
39911
1094285
1018724
4962
1608109
64803
34088
72741
831001
76334
1285785
1413447
1100682
1402057
1002910
879101
1408198
920760
927066
1308161
72971
1133421
804328
277135
1175454
97476
18926
1297996
96943
320335
1035002
1378946
4281
882095
1551182
1132979
1065088
315189
1474735
874761
80661
101778
832101
1280452
6281
1039684
1336920
1278021
875320
103379
877212
732712
1326160
1365135
18230
313616
1403568
1060391
1393311
28412
875045
1048911
1041061
1067701
878927
766704
1666700
813672
1579241
1156039
21344
1038357
1103982
1601046
1140536
107263
1037868
1090012
885725
2969
1286681
91440
1757898
72903
36104
105770
8670
78239
1108524
1551152
45012
719739
1679273
788784
882184
1013462
1613103
1492633
831259
723254
96021
1099800
93410
796343
732717
1652044
75362
882835
797468
8818
4904
52988
883241
764622
945841
6951
51143
1413329
1111711
1283699
1711269
783280
1289490
1136869
731802
65984
1045810
851968
40704
1121788
713676
352915
1659166
1601712
47111
14272
818479
769397
1688568
60086
858877
106535
91419
315293
1489393
728535
315213
1116132
821189
1095073
1037646
1437107
858470
1396009
1137774
1744489
859737
1060009
1000697
723531
860731
1326801
857005
1324424
1418091
927628
23217
1067983
91576
1071739
1058090
1800
927653
1001082
104169
80424
87347
27419
1467858
823768
1034054
77476
1001250
1682852
1792044
935703
1048286
1370637
1090872
1091667
55067
712515
10795
1383312
49196
40533
29905
872589
31791
1466258
77360
1699150
940944
849399
1047862
63754
779152
1575189
2488
1564708
106640
10456
814453
1306830
16732
874716
63908
277948
1373715
1043277
1020569
1598014
58492
820027
1300514
1390777
59558
1318605
842023
743988
877890
47217
1385157
92122
1093557
97745
1364742
56873
914208
1754301
12208
1324404
746515
813828
1140859
60667
1393612
1120193
864749
93556
37996
51644
1045609
1051470
822416
202058
866787
1126328
318154
753308
720005
1524472
1050915
1012100
1555280
1174922
73124
1130310
1260221
707549
1086222
946581
310764
915389
1048695
1109357
1063761
1141391
4977
874766
14693
1166691
943819
764478
912595
936340
21665
1090727
879169
78003
701985
1841666
109380
91142
32604
718877
352541
749251
1519751
723125
1058290
319201
89800
101829
1701605
1113169
1751788
19617
100517
1335258
1478242
910606
765880
1308161
34903
109198
1035443
1101239
906163
92380
46080
773840
73309
745732
29534
51253
1732845
921738
9389
1463101
1281761
100885
1336917
1043604
936468
895421
909832
1442145
1065280
702165
1032208
1821825
31462
726728
827052
49826
1136893
1534701
6201
789019
1158449
37785
1022079
920522
48465
92230
40545
51434
915913
1596783
1521332
1799208
84839
916076
1633917
764180
93751
721371
916365
1024478
320187
1637459
1730168
915912
1164727
1596532
1170010
1748790
36270
29989
895441
1783180
900075
1707925
