936340
813828
72207
1618921
1175454
746515
1137774
106040
1262039
1633917
915389
1467373
1065088
827052
14693
1701605
920148
1035267
1136893
1039684
940944
731802
915912
1608109
1358071
31791
104169
1020569
779152
804328
1306830
764478
798354
1300514
1037038
927653
1024478
50863
829224
1013462
732712
1067983
885725
320187
47217
1285785
1467858
713676
1034054
1519751
877890
4977
1308161
906107
1707925
1792044
912595
1652044
1341439
1679273
73124
47111
827054
6951
105770
726728
93556
1091667
1260221
1335258
37785
1781335
203527
14272
40533
1170010
62996
40987
319201
1012100
1510295
721371
1799208
38777
765880
766421
1403161
277135
1596532
896878
100493
217346
316709
916076
1501585
313927
896159
1051470
1014473
769397
877212
18230
32604
1492633
1126328
773840
55067
1097149
1111711
1093557
89800
59478
823768
1324404
860731
24741
63908
66740
946581
64803
1413329
29534
898173
2488
106640
18926
796343
814453
1336917
84839
8818
899866
1524472
51644
352541
820313
33185
745732
1402057
23217
1289490
74208
1551182
766704
916365
1336920
818479
1038357
707549
26172
1099800
63754
1378946
1035002
764622
789019
909832
1539838
12927
851968
4962
1065280
40545
783325
1326801
21344
354950
72971
34088
354908
1047862
352915
1058290
1336917
1699150
1048695
865752
59558
882184
75677
910606
874766
1645590
1374310
107263
1130310
875320
1666700
49826
1613103
1132979
815097
72903
1136869
1048911
811156
1156375
1585364
764180
51253
1021860
1050915
27419
831259
16918
1071739
783280
1754301
277948
1359841
1000228
318154
1123360
820027
701985
1015780
1534701
920760
1370637
753308
103379
6201
30625
92230
743988
77360
728535
310764
1158449
1041061
28412
1048286
878927
97476
58492
1755672
1099219
915913
815556
68505
872589
1770450
1000697
1174922
29905
1783180
858877
1326160
1281761
200406
91419
106535
1121788
1590955
1063761
62709
927066
906163
886982
1058090
1506307
1652044
36104
732717
899051
202058
7084
1442145
759944
76334
101778
91440
6281
72741
1604778
1466258
19617
5272
51143
40704
1156039
1598014
1116132
936468
1018724
1364742
723125
1396009
10795
1278021
831001
935703
1110803
1035443
860730
65984
874716
1711269
1140859
821189
943452
45012
27904
715957
1037540
914208
49196
1748790
31462
354190
48465
310158
1297996
24545
866787
1571949
80661
1681459
1478242
1043277
813672
1521332
1067701
1489393
315293
4127
36270
78003
1688568
92380
11544
702165
1732845
1045609
1043604
788784
35527
315213
9389
87347
4447
1373715
10456
922224
1403568
51434
1596783
315189
831001
2969
1075531
1101239
96943
723531
1308161
1022079
1601046
1103982
1163165
895421
1739940
879101
4904
1730168
943819
1001082
1111928
320193
313616
1393311
97210
1108524
1086222
922864
91142
4281
1090727
60086
1551152
1140536
749251
1637459
1070750
1094285
789570
1013871
1744489
60667
1166691
1141391
882835
91576
1383312
1138118
1095073
1032208
720005
1585689
1418091
711404
1757898
29989
1090872
8670
1513761
12208
21665
1031296
797468
1283699
743316
895441
78239
1001250
1800
101829
37996
899689
900075
1065696
822416
93751
832101
1090012
1751788
39911
1040971
908255
1365135
719739
96021
1053507
1659166
1037868
1324424
859737
98246
1109357
875045
882095
874761
1267238
55785
815094
75362
920522
1164727
16732
718877
1915657
1060009
5513
1137789
849399
73309
1393612
52988
1113169
77476
56873
93410
109380
883241
804753
884887
100517
1579241
858470
46080
927628
1060391
80424
79879
34903
712515
1408198
879169
64040
320335
21076
1437107
1133421
54480
1564708
723254
1390777
731766
109198
97745
100885
1385157
20286
1286681
1555280
1410636
1120193
1002047
1841666
1045810
92122
1002910
1601712
70858
1037646
