1037646
1364742
858470
1578845
1308161
935703
1489393
96021
1555280
827052
1501585
92380
743316
885725
815094
936340
354950
1585364
6281
783325
759944
1021860
109380
1681459
1289490
773840
1071739
91419
52988
1037540
915912
1408198
1571949
1048695
753308
723125
72741
1116132
59558
97745
831259
101829
815097
766704
203527
877890
1262039
1095073
4447
1060009
4281
858877
47111
60086
100885
1383312
936468
1136893
1679273
1170010
98246
1048911
1090727
1707925
769397
310158
900075
1652044
92122
1701605
316709
60667
66740
1000697
21076
910606
1015780
1652044
920148
1618921
1418091
1799208
37785
14693
200406
1467858
1065696
319201
1530721
97476
24545
1308161
29534
1050915
89800
74208
1164727
851968
766421
859737
1526520
7084
47217
1091667
1601712
1437107
32604
882835
58492
1110803
1121788
80661
702165
832101
55785
732712
815556
39911
1744489
1111711
804753
789570
886982
87347
1281761
20286
793952
1359841
1001082
823768
55067
1108524
40533
1711269
1109357
745732
1534701
1751788
73309
8670
1047862
77476
906107
899051
27904
1755672
1666700
1598014
796343
1020569
1175454
882184
93556
1604778
1035267
920522
1039684
1336920
1633917
1336917
895421
874761
352915
1090012
895441
1326801
18230
879101
927066
827054
1038357
91440
1390777
35527
1478242
927628
1158449
51253
946581
731766
1393612
1063761
1156375
711404
723531
788784
1174922
1730168
1732845
1132979
798354
1564708
1136869
315213
28412
320193
1034054
1041061
1413329
45012
1324424
33185
1396009
720005
1097149
1130310
79879
1539838
875045
8818
909832
4977
75362
712515
93410
1800
1163165
5272
707549
78239
927653
713676
1510295
1841666
732717
875320
1278021
813672
16918
352541
915389
860730
896878
764478
12659
906709
940944
277135
91142
1260221
1000228
76334
914208
884887
1045810
1018724
68505
797468
749251
1022079
1748790
1140859
1688568
1058290
1770450
31462
1358071
21665
1032208
24741
1166691
107263
1467373
46080
1070750
101778
872589
915913
72971
1002047
51143
1047122
1048286
1126328
1113169
1086222
106640
4904
75677
719739
78003
315293
2969
51434
6201
1551182
96943
831001
1024478
829224
1915657
77360
922224
1035443
1699150
202058
103379
36270
1123360
1012100
715957
12927
1285785
822416
48465
1058090
21344
40987
1137774
1374310
899866
1156039
63908
1637459
54480
354190
1336917
49196
313927
315189
783280
1608109
1002910
1065088
91576
100517
1365135
874766
1137789
34088
80424
62996
1013462
814453
64040
1043277
1341439
885639
821189
320335
320187
14272
1521332
56873
1385157
5513
16732
1037868
1579241
764622
731802
1613103
1101215
879169
912595
943452
816284
1306830
1099219
277948
318154
4962
908255
920760
1601046
922864
723254
1031296
874716
6951
1040971
26172
831001
896159
10795
1403161
18926
19617
1792044
9389
1101239
865752
764180
100493
718877
29989
23217
1133421
1339947
49826
898173
34903
109198
4127
804328
2488
1326160
1090872
1324404
721371
1596532
789019
701985
1053507
813828
1442145
51644
1037038
1111928
65984
10456
1402057
1004434
1067701
765880
1378946
811156
50863
1103982
73124
72207
820313
743988
1492633
93751
310764
906163
916365
27419
1279363
106040
1138118
31791
899689
1035002
1585689
29905
1519751
1403568
1297996
912242
1645590
72333
92230
1065280
104169
40704
820027
84839
1283699
1506307
1267238
313616
30625
1024305
354908
1014473
1754301
1524472
106535
1051470
750556
36104
46765
62709
1043604
1013871
818479
866787
1045609
1513761
63754
38777
1075531
1140536
1120193
1141391
779152
37996
746515
1739940
1659166
1067983
70858
1551152
40545
794367
728535
1168054
1060391
1393311
726728
64803
1410636
883241
916076
217346
943819
59478
849399
1099800
882095
72903
1001250
