895441
1596532
1393311
84839
29989
1841666
1707925
1637459
1633917
51253
1352010
1170010
900075
93751
320187
1799208
1783180
764180
765880
916076
721371
1032208
1383312
1318605
1521332
915913
1164727
916365
723125
49826
36270
909832
789019
827052
31462
1001082
745732
877890
1821825
1442145
1065280
920522
1043604
1551152
92230
936468
37785
1463101
895421
1336917
1281761
1748790
921738
1732845
9389
1730168
915912
1022079
1374310
100885
320193
1519751
1596783
78003
773840
91142
40545
943819
906163
1035443
19617
1086222
1598014
109198
910606
1555280
1335258
1478242
34903
1123360
46080
101829
1474735
5272
1701605
1101239
92380
319201
1103982
6201
789570
1024478
89800
879169
936340
106535
1013237
912595
51434
14693
73309
1090727
1166691
1113169
1063761
1109357
1048695
1141391
915389
946581
100517
310764
4977
707549
701985
720005
1130310
1050915
1012100
1174922
73124
1524472
874766
726728
51644
1136893
746515
1326801
31791
1051470
866787
202058
797468
842023
1045609
93556
864749
1120193
1754301
315213
97745
813828
1324404
1048286
37996
60667
1116132
56873
1551182
12208
1385157
1093557
47217
1001250
1413447
106640
872589
749251
914208
822416
820027
29534
101778
1300514
874716
63908
1043277
16732
1020569
12927
27419
10456
1306830
814453
1564708
77360
2488
779152
1699150
1364742
1137774
849399
1126328
1466258
1047862
40533
49196
1467858
743988
1324424
14272
712515
55067
818479
77476
1091667
1792044
1090012
59478
702165
80424
927653
1682852
1058090
1800
104169
1071739
23217
59558
1260221
87347
927628
48465
823768
109380
1067983
1534701
10795
91576
1370637
857005
29905
860731
859737
1744489
935703
1060009
1095073
858470
1437107
1393612
1037646
1396009
723531
91419
728535
1489393
858877
60086
313616
769397
1652044
315293
1419612
1418091
47111
1034054
1688568
821189
63754
718877
1039684
32604
1121788
851968
1045810
40704
65984
1413329
1289490
732717
783280
1262039
945841
1711269
51143
97476
1283699
713676
831259
764622
732712
8818
883241
4904
882835
1652044
75362
64803
753308
1099800
21344
1038357
1111711
1608109
731802
829224
1492633
723254
882184
788784
1613103
764478
1679273
45012
8670
1013462
766704
105770
1108524
1140536
1757898
2969
719739
1341439
1286681
91440
885725
1037868
78239
1601046
72903
1094285
796343
1000697
320335
1336920
878927
6951
1041061
1048911
315189
1390777
875045
28412
1403568
277135
1326160
1373715
1067701
1666700
877212
875320
1278021
1280452
1156039
6281
940944
832101
1136869
874761
1140859
1060391
33185
103379
1403161
1132979
1100682
72971
1579241
18230
882095
4281
1035002
16918
1378946
52988
96943
920760
1297996
927066
76334
1175454
1308161
831001
804328
1133421
813672
1408198
879101
93410
1402057
1002910
72741
1285785
1065088
18926
1037038
277948
831001
79879
1645590
1571949
92122
1137789
731766
1467373
899051
1018724
922224
815556
1111928
39911
4447
34088
97210
66740
1751788
1070750
1065696
4962
40987
1097149
715957
815097
1618921
884887
1099219
38777
815094
106040
1590955
35527
1058290
1601712
21665
352915
200406
318154
1659166
1002047
1739940
865752
352541
310158
820313
943452
7084
1156375
906107
1590895
1510295
24741
75677
1585689
55785
908255
1090872
886982
766421
24545
1053507
1781335
811156
4127
1037540
860730
313927
1075531
1725057
80661
316709
20286
1163165
1575189
1513761
896878
70858
62709
64040
36104
920148
1000228
79282
107263
1506307
783325
100493
217346
1501585
1138118
804753
711404
27904
1336917
1604778
899689
798354
62996
1110803
1035267
21076
898173
68505
1267238
354950
96021
1755672
354190
1308161
11544
26172
1410636
759944
1539838
1288784
1013871
50863
827054
896159
74208
1158449
1014473
1031296
