315293
37785
107263
36104
14272
1087423
1156375
1519751
883241
40704
746515
6201
1324404
1645590
52988
1652044
882835
354950
58492
1022079
1403568
753308
1341439
1442145
103379
1035002
354190
820313
886982
63908
4904
814453
769397
1038357
822416
65984
906107
6951
1103982
766704
9389
851968
1539838
1390777
794367
718877
92380
47217
1040971
200406
72971
732717
1047862
1396009
1711269
1039101
352915
1365135
34088
1374310
2488
24741
1359841
1364742
910606
1035267
765880
1121788
1048911
313616
1262039
1133421
804328
1101239
1652044
92122
1524472
1285785
750556
84839
1141391
1012100
1047122
320187
879169
726728
36270
1002910
1156039
823768
18926
89800
723125
32604
1732845
51143
101829
100885
106040
1116132
1596532
1113169
749251
1297996
87347
789570
6281
38777
1770450
1065088
7084
1571949
882095
1000697
827052
1043604
72741
5272
4281
1408198
743316
1024305
1585364
927066
1289490
1123360
1111711
1138118
1633917
66740
63754
865752
1688568
1489393
1037038
72207
1393311
100493
1065696
728535
1618921
217346
1163165
1111928
1014473
354908
73124
796343
78239
106535
1579241
1551182
104169
715957
874766
80661
55785
783325
1578845
313927
935703
310158
899689
1058290
920522
54480
27419
1418091
1124198
702165
906709
922224
1604778
884887
1099219
20286
831259
850209
860730
51253
97745
29534
49826
1383312
91419
1326801
59558
829224
1598014
1506307
277135
745732
79879
77476
1037868
711404
1051470
19617
885639
1279363
719739
1358071
1841666
1067983
1137789
1090012
1308161
72903
1001082
908255
732712
885725
0
60667
1053507
93556
97476
1492633
1095073
1086222
1018724
1136869
943819
798354
1032208
59478
818479
1090727
93410
723254
764180
49196
10795
816284
91576
45012
1385157
1015780
1510295
788784
2969
1108524
899051
731766
63276
723531
12659
64040
882184
91142
1126328
1035443
707549
909832
1110803
1136893
50863
920148
1744489
14693
1526520
21076
1467858
1091667
900075
1701605
56873
1050915
1437107
96223
804753
1037646
766421
1681459
10456
1467373
1164727
98246
74208
859737
1799208
743988
1707925
310764
916365
1410636
1659166
1058090
1326160
1530721
42582
40545
37996
936468
70858
93751
813828
1324424
47111
4127
1004434
820027
29905
721371
1140859
29989
1099800
1168054
1021860
764622
319201
1339947
1067701
779152
815094
759944
915912
320335
1601712
26172
27904
46080
315213
1034054
898173
1739940
754737
811156
1513761
712515
827054
936340
927628
1037540
815556
77360
1393612
1267238
1158449
109198
23217
896878
701985
789019
64803
31791
92230
68505
1013871
1679273
858470
60086
1090872
815097
4977
858877
1170010
80424
4447
912242
927653
1800
1097149
877890
1048695
75677
109380
40987
34903
896159
12927
1060391
1501585
1378946
1031296
1637459
76334
24545
30625
277948
101778
797468
1101215
1308161
915389
96021
16918
875320
764478
713676
1260221
1004980
773840
1174922
21665
8670
40533
1039684
73309
1020569
1109357
1730168
793952
1521332
1070750
1137774
1063761
18230
1000228
1413329
875045
1071739
1534701
895421
78003
316709
879101
1041061
1281761
315189
813672
1585689
1175454
1478242
4962
1336917
940944
1792044
1001250
75362
914208
1060009
8818
352541
1754301
1564708
912750
720005
1130310
1045810
1336917
1666700
28412
35527
1601046
31462
872589
39911
1166691
1045609
62709
1048286
202058
1555280
48465
203527
1699150
915913
51434
899866
5513
831001
866787
1140536
46765
849399
1024478
920760
1120193
916076
21344
783280
1915657
55067
1075531
72333
1685040
1043277
773910
874761
946581
1551152
62996
1608109
1065280
100517
16732
895441
1403161
1306830
91440
831001
1013462
1613103
318154
821189
33185
1002047
106640
721683
51644
922864
874716
912595
320193
