64803
849399
1996862
842023
47217
1065696
1156039
40704
1286681
1679273
1324404
1413447
1326160
51644
1110803
884887
1020569
1751788
10456
832101
922224
79879
820027
796343
315213
1755672
1108524
45012
1067983
1067701
1014473
60086
857005
898173
1133421
851968
72903
879101
1318605
712515
1501585
1868275
1374310
1604778
51143
1091667
55067
821189
1043277
1725057
66740
52988
1060009
1308161
77360
885725
1944048
1699150
1324424
1659166
1048695
1179929
1018724
20286
9389
895441
1335258
875045
310764
40545
908255
200406
1035267
789019
14693
93751
29989
1730168
1705696
92230
40533
1510295
877212
1156375
31462
1748790
1000697
33185
764478
11544
1094285
1575189
1097149
1038357
1285785
1513761
1308161
764622
1682852
1137789
1551152
947484
1002910
2969
316709
920148
27419
899051
1050915
906345
24741
878927
49826
4447
1442145
14272
831259
1571949
1048286
1701605
1596532
815097
858877
101778
1744489
1579241
1071739
96943
75362
1099800
100493
831001
1608109
1300514
713676
29534
8818
91440
927628
109380
1045609
1413329
21344
56873
16732
927653
1559720
1045810
759944
872589
1613103
1792044
1590955
1022671
1707925
1408198
827052
1967680
2488
93556
37785
920522
6201
813672
1013237
70858
63908
6281
1341439
8670
1002047
1601046
1137774
59478
1403568
726728
1800
103379
1048911
1403161
4904
72741
96021
1534701
1065088
896878
1031296
829224
47111
64040
1093557
1316835
37996
874766
1289490
1402057
896159
1267238
29905
860731
1037540
1037646
1037868
1489393
1121788
65984
33213
68505
858470
769397
898293
310158
1687229
1175454
788784
1757898
859737
1034054
783325
1666700
217346
1306830
1116132
1262039
1390777
723125
106640
866787
1069183
1467858
882835
1297996
860730
1035002
202058
827054
1437107
18230
813828
883241
1711269
1041061
909832
1543151
1120193
6951
723254
882184
864749
1466258
1551182
313616
701985
916076
1058290
1370637
51253
1739940
21665
1164727
4962
1278021
815556
1001250
1024478
109198
1326801
75677
916365
26172
21076
811156
79282
920760
27904
100885
105770
1060391
1170010
40987
1383312
1364742
1521332
1841666
352541
91576
745732
927066
715957
912595
1274494
101829
946581
1138118
7084
1070750
320335
1652044
10795
1393311
936340
87347
915913
721371
106535
80661
1099219
702165
874761
77476
1652044
731766
1166691
1283699
1145197
746515
93410
728535
723531
945841
1781335
1410636
1039684
1463101
49196
12208
1065280
874716
914208
1385157
1397187
1590895
935703
1075531
814547
1047862
1418135
1022079
60667
1140536
50863
1051470
315293
91419
4127
74208
1393818
764180
822416
24545
104169
1163165
12927
1057352
1140859
76334
277948
900075
818479
1136893
1000228
97745
798354
915912
1732845
1280452
46080
1539838
31791
1396009
1013871
1393612
1352010
936468
1090872
1063761
1637459
1032208
318154
1645590
23217
820313
1260221
97210
1585689
1101239
797468
895421
1327567
1506307
97476
1281761
1037038
1113169
749251
78003
36270
1103982
1373715
765880
92122
910606
1100682
1095073
4977
707549
55785
1090727
943819
1058090
1004980
48465
1013462
4281
48898
831001
1754301
906107
1478242
63754
32604
320187
84839
731802
352915
882095
100517
35527
16918
1555280
753308
72331
1799208
823768
73309
720005
1618921
62996
5272
277135
1474735
1467373
943452
875320
320193
107263
766704
1086222
1053507
1035443
315189
773840
72971
732712
1109357
940944
1524472
915389
51434
1136869
779152
92380
1111711
711404
28412
1601712
886982
804328
91142
1336920
1126328
732717
1564708
1141391
313927
906163
80424
789570
1633917
73124
19617
89800
106040
1097864
1783180
1932393
1123360
34088
1130310
1596783
38777
354950
1090012
1174922
865752
1043604
354190
36104
1389170
34903
319201
879169
62709
