1652044
883241
40704
1652044
51143
1711269
1040971
794367
65984
851968
882835
4904
753308
879101
1035002
882095
4281
1585364
1121788
1133421
1175454
804328
64803
1285785
1047122
1002910
1289490
1297996
1402057
1013871
1492633
1041061
811156
33185
1037540
896878
1578845
313927
860730
20286
783325
1138118
100493
217346
885725
1037038
829224
723254
64040
1108524
882184
788784
78239
45012
1757898
885639
1037868
72903
1279363
1506307
878927
1744489
28412
1437107
858470
60086
1489393
1116132
858877
55067
1324424
712515
769397
821189
203527
47217
920760
1324404
47111
1091667
1308161
10456
849399
820027
1326160
1067701
832101
1681459
796343
1378946
827054
1060009
875045
1037646
1364742
1598014
1132979
1564708
877212
1278021
1666700
875320
1039684
874761
1043277
1300514
16732
874716
859737
1306830
872589
1699150
1045609
866787
202058
1120193
37996
779152
813828
29905
743988
56873
1467858
106640
11544
1530721
896159
1373715
914208
1137774
77476
1140859
1021860
935703
1071739
1341439
927653
1800
109380
1326801
927628
6201
726728
1534701
80424
922864
1065280
936468
1136893
920522
1022079
1732845
1170010
915912
940944
92122
943452
1001082
1000697
1067983
1551152
46080
1001250
37785
1555280
1467373
1002047
1013462
1000228
315189
1156039
1164727
1308161
1103982
1539838
1095073
14272
1126328
1618921
1015780
831259
1754301
77360
12927
943819
1158449
927066
764180
1707925
900075
820313
352915
1156375
200406
1123360
906107
24741
908255
1137789
79879
1018724
1510295
899051
1519751
922224
1065696
66740
55785
1163165
884887
54480
310158
1604778
898173
1267238
68505
1097149
1501585
354908
1031296
718877
749251
1770450
916365
721371
1168054
1086222
916076
1024478
51434
915913
1166691
1101215
912595
1521332
32604
1063761
1109357
915389
1174922
1130310
1478242
879169
78003
1035443
1524472
1101239
906163
910606
101829
946581
764622
97745
1336917
1413329
1045810
713676
8670
91440
1601046
1608109
1403161
1613103
1099800
21344
831001
62709
1075531
70858
1410636
4127
50863
21076
804753
759944
74208
1585689
24545
798354
40987
731766
8818
75362
813672
96943
728535
818479
315293
1579241
723531
49196
1385157
1396009
1358071
1051470
60667
93556
2488
4962
1047862
63908
746515
58492
103379
1403568
6281
1065088
72741
1408198
1048911
59478
101778
18926
814453
72207
1070750
886982
1034054
23217
27419
29534
104169
12659
93410
822416
1390777
1596532
52988
723125
313616
315213
909832
1020569
18230
1140536
899866
1755672
51644
874766
1513761
1748790
1751788
877890
1136869
789019
59558
49826
1442145
39911
319201
352541
277135
7084
1601712
92380
19617
75677
34903
73124
707549
6951
1048695
4977
1799208
72333
1113169
895441
1730168
320187
1090727
1374310
1090012
1043604
9389
100885
773840
91419
21665
783280
1048286
731802
318154
831001
100517
62996
1336917
35527
793952
40533
73309
16918
1260221
1393612
797468
720005
1792044
1035267
1281761
823768
320193
895421
36270
743316
84839
1012100
1141391
765880
764478
89800
31462
1915657
1038357
2969
1024305
1014473
316709
899689
1571949
815097
4447
1679273
815094
98246
1110803
1058090
766421
1701605
1050915
920148
14693
310764
29989
93751
1659166
40545
92230
30625
46765
5513
1335258
827052
48465
38777
106535
1393311
1111928
1688568
80661
1383312
702165
51253
63754
1058290
701985
936340
1090872
1551182
1418091
1262039
26172
1637459
27904
76334
1283699
1060391
320335
815556
277948
31791
1099219
5272
1739940
715957
109198
10795
1032208
106040
87347
354190
1359841
96021
354950
1645590
34088
36104
107263
732717
1365135
72971
789570
97476
766704
1633917
865752
745732
91142
1841666
91576
719739
1053507
732712
1111711
1336920
711404
