1158449
945841
898173
313616
920522
900075
1783180
352541
1705696
874716
48465
1126328
1136869
1442145
277135
1058090
2488
31462
72331
1725057
831001
27904
1156375
1688568
200406
1666700
783325
1018724
1047862
16732
882184
814453
4962
872589
1306830
1513761
12927
1065280
1035443
12208
1065696
80424
1002910
858877
7084
1070750
1318605
80661
79282
940944
60667
1274494
1474735
75677
922224
731766
93556
1596532
896878
909832
764478
1489393
827052
1022079
14272
1300514
29989
1539838
100517
1521332
1744489
28412
92380
27419
1324404
718877
1048695
1035267
63908
16918
10795
1020569
73309
943452
1510295
105770
1133421
720005
68505
20286
32604
77476
40533
879101
1682852
1402057
731802
1289490
101778
1730168
1012100
842023
1781335
1037540
1466258
55785
92230
1163165
1821825
319201
906107
1748790
62996
1297996
745732
1065088
35527
1352010
1013237
318154
1013871
1041061
352915
56873
1374310
40987
831001
927066
712515
1075531
895441
59478
315293
1116132
1058290
62709
851968
63754
860730
1751788
70858
1396009
1002047
87347
1132979
1137774
1166691
728535
1136893
1652044
884887
1463101
49826
51434
878927
877212
1138118
874761
813828
1094285
1613103
1067701
1739940
1608109
885725
1799208
1120193
849399
91419
1037646
64803
1792044
764180
1637459
97210
759944
1418135
1403161
72903
864749
202058
1389170
59558
815556
935703
100885
50863
96021
1687229
106640
65984
721371
798354
920760
1285785
64040
310158
1326160
21076
1060391
1051470
788784
886982
109380
60086
1326801
829224
1031296
33213
24545
1413447
1385157
1585689
46080
715957
6951
26172
1175454
313927
936468
109198
1370637
106535
1410636
1618921
1467858
1501585
947484
4127
723531
79879
916365
1035002
914208
1013462
1095073
866787
1308161
746515
74208
1604778
320193
827054
49196
1590895
820027
874766
1140859
857005
1090872
18230
749251
804328
1091667
1053507
1050915
55067
1004980
1093557
73124
1109357
4281
732717
1071739
31791
713676
1478242
875320
101829
10456
316709
1037038
1286681
915389
882095
1308161
1043604
8818
1596783
4904
33185
865752
1090727
719739
943819
1097864
29905
1103982
1383312
936340
753308
1174922
1601046
354190
1280452
916076
815097
1137789
1043277
882835
899689
1555280
96943
66740
1130310
915912
1437107
40704
107263
1373715
51644
75362
36104
906345
1659166
1099800
1113169
711404
1393612
1179929
104169
896159
1063761
1037868
701985
315213
37996
1108524
91142
21344
1262039
1652044
1551152
1841666
11544
1754301
91440
912595
1732845
91576
8670
707549
1038357
927653
2969
1393311
1111711
766704
764622
1800
72971
23217
9389
920148
1045810
1564708
1524472
77360
1755672
21665
97745
883241
1419612
1097149
1067983
1336920
4977
1324424
811156
1633917
1022671
1413329
1032208
1679273
37785
732712
277948
822416
927628
1281761
103379
40545
1121788
36270
51143
310764
908255
859737
1335258
1170010
1403568
100493
910606
1045609
766421
769397
1551182
51253
84839
34903
93410
1024478
915913
765880
1048911
820313
354950
1001250
1645590
1039684
6201
1000228
1057352
1260221
92122
93751
14693
1341439
47217
1707925
823768
1110803
1467373
320335
858470
702165
6281
1283699
773840
895421
1390777
1575189
1156039
796343
726728
1101239
1060009
899051
797468
1090012
831259
1601712
1164727
1278021
1100682
1590955
1140536
1408198
1757898
879169
19617
1267238
789019
217346
89800
1579241
1711269
818479
1699150
106040
860731
1048286
946581
34088
813672
1364742
38777
1288784
875045
1099219
4447
29534
320187
1034054
1506307
906163
821189
1701605
779152
97476
723125
1123360
45012
1141391
1001082
47111
24741
1014473
1534701
315189
5272
1868275
78003
18926
1000697
832101
723254
1571949
1086222
76334
789570
72741
52988
