47111
916076
765880
1915657
723254
1408198
874761
1060391
1364742
1652044
899866
1133421
91576
62996
1585689
1166691
1410636
1341439
1065696
84839
91419
1138118
899689
1781335
18230
40987
866787
1324424
1140859
97210
815556
726728
100517
78003
1730168
1101239
4904
1032208
202058
1058090
1065280
1262039
1318605
10795
72741
1090727
1681459
906163
884887
36104
30625
5513
1783180
1601712
1579241
1666700
1035443
883241
1308161
920148
1604778
1551152
1260221
1140536
6201
783325
1732845
1585364
922224
936468
10456
728535
51644
1539838
882184
310158
1090012
820027
858877
1075531
21344
804328
1336917
92380
39911
315213
4447
1278021
879101
315293
1478242
354908
1035002
1300514
1534701
66740
1492633
1418091
277948
1014473
1020569
1141391
1136893
96021
912595
50863
1633917
1501585
764478
1110803
105770
1370637
1013462
1000228
818479
28412
815097
1281761
1031296
745732
916365
1613103
788784
89800
1045609
9389
47217
1000697
813672
1551182
316709
1637459
813828
100885
11544
718877
935703
1093557
1021860
1608109
1403568
96943
12927
1519751
779152
62709
896159
1524472
54480
1324404
1393311
203527
72971
849399
1289490
1001082
872589
103379
860730
829224
63908
796343
874766
40704
1067701
75362
56873
1283699
58492
1699150
31791
354190
49826
320335
811156
1365135
65984
715957
1001250
93751
32604
48465
1043604
1037540
882835
217346
1442145
1158449
101778
70858
1137774
1751788
51143
1065088
1378946
92230
320187
1013871
1374310
18926
46080
1048911
1799208
1467373
77476
702165
914208
1308161
87347
34088
1086222
1373715
107263
910606
1466258
51434
97745
1596783
1090872
1002047
940944
1359841
1121788
4962
92122
6281
2969
1012100
732717
1113169
943452
749251
1120193
1393612
31462
29989
1792044
1786842
1711269
879169
352541
76334
37996
59478
895441
4127
1770450
1040971
101829
1506307
35527
720005
21665
4281
55067
1383312
1618921
1097149
38777
1163165
885725
1024478
1306830
906107
1555280
26172
783280
1467858
1513761
713676
77360
2488
764622
1094285
927653
1039684
732712
920522
1123360
80424
1071739
14693
721371
106040
51253
823768
1335258
731766
1413329
319201
29534
1034054
24741
1111711
769397
946581
1058290
860731
75677
40533
1035267
1037868
1051470
1126328
1590955
1701605
1358071
1707925
915389
712515
104169
746515
798354
73124
68505
831259
1748790
789019
1136869
59558
707549
821189
1099219
851968
74208
354950
878927
7084
40545
352915
1041061
20286
1755672
1596532
1659166
877212
1067983
1652044
766704
1164727
1130310
943819
1326801
97476
4977
1048695
773840
1402057
37785
1048286
1037038
1156375
753308
915913
27419
29905
820313
1050915
310764
1070750
1174922
1739940
814453
200406
1047862
21076
1132979
1645590
743988
1285785
106640
1336920
23217
1175454
898173
8818
886982
72903
93556
1489393
16918
1060009
1037646
1336917
1297996
277135
1018724
1679273
49196
45012
1571949
1396009
73309
91440
1091667
723125
804753
1598014
64040
24545
1521332
1601046
313927
927628
109380
827052
79879
318154
1063761
927066
832101
874716
109198
36270
315189
313616
60086
1103982
831001
731802
920760
1043277
936340
5272
759944
1099800
723531
1108524
1688568
91142
27904
1156039
895421
19617
896878
1326160
1116132
865752
1111928
899051
945841
78239
743316
831001
98246
1095073
1053507
33185
93410
875045
1109357
908255
80661
909832
1800
859737
900075
1022079
915912
719739
827054
1564708
875320
822416
55785
100493
320193
1510295
64803
766421
63754
882095
789570
1170010
14272
60667
701985
52988
1137789
877890
858470
1841666
1002910
1286681
1045810
764180
1267238
1390777
1385157
34903
16732
6951
711404
1754301
1038357
1757898
1744489
797468
8670
12208
815094
1437107
106535
1403161
